# callgrind format
version: 1
creator: callgrind-3.17.0
pid: 13018
cmd:  ./GraphRanker
part: 1


desc: I1 cache: 
desc: D1 cache: 
desc: LL cache: 

desc: Timerange: Basic block 0 - 121241
desc: Trigger: Program termination

positions: line
events: Ir
summary: 559841


ob=(2) ???
fl=(44) ???
fn=(530) 0x00000000048723b0
0 40
cob=(3) /usr/lib64/libc-2.33.so
cfi=(71) ???
cfn=(532) __strchrnul_avx2
calls=20 0 
0 460

fn=(466) 0x00000000048723e0
0 4
cob=(3)
cfi=(71)
cfn=(468) malloc
calls=2 0 
0 1881

fn=(582) 0x0000000000401808
0 4

fn=(394) 0x0000000004872640
0 2
cob=(3)
cfi=(71)
cfn=(396) __strrchr_avx2
calls=1 0 
0 52

fn=(608) 0x00000000048352b8
0 4

fn=(152) 0x0000000004001050
0 6
cob=(1) /usr/lib64/ld-2.33.so
cfi=(45) /usr/src/debug/glibc-2.33-20.fc34.x86_64/elf/dl-error-skeleton.c
cfn=(154) _dl_catch_exception
calls=3 175 
0 7810

fn=(414) 0x0000000000401000
0 7

fn=(474) 0x0000000004872490
0 24
cob=(1)
cfi=(8) /usr/src/debug/glibc-2.33-20.fc34.x86_64/elf/dl-tunables.c
cfn=(46) __tunable_get_val
calls=12 403 
0 249

fn=(590) 0x0000000004835060
0 2
cob=(3)
cfi=(71)
cfn=(596) __cxa_finalize
calls=1 0 
0 76
cob=(1)
cfi=(80) /usr/src/debug/glibc-2.33-20.fc34.x86_64/elf/../sysdeps/x86_64/dl-trampoline.h
cfn=(438) _dl_runtime_resolve_xsave
calls=1 67 
0 675
0 5

fn=(148) 0x0000000004001080
0 2
cob=(1)
cfi=(45)
cfn=(150) _dl_catch_error
calls=1 225 
0 2747

fn=(380) 0x0000000004835000
0 7

fn=(544) 0x00000000048725e0
0 38
cob=(3)
cfi=(71)
cfn=(546) __mempcpy_avx_unaligned_erms
calls=19 0 
0 348

ob=(1)
fl=(34) /usr/src/debug/glibc-2.33-20.fc34.x86_64/elf/../sysdeps/x86_64/dl-hwcaps-subdirs.c
fn=(108) _dl_hwcaps_subdirs_active
29 1
fi=(14) /usr/src/debug/glibc-2.33-20.fc34.x86_64/elf/../sysdeps/x86/get-isa-level.h
+2 1
fe=(34)
+7 1
fi=(14)
-7 2
-1 2
fe=(34)
+22 1
fi=(14)
-20 3
+4 1
fe=(34)
+2 1
fi=(14)
-2 2
+3 4
+1 4
+5 1
fe=(34)
-7 1
fi=(14)
+7 3
fe=(34)
-2 1
fi=(14)
+5 2
+1 3
+2 4
+1 2
+1 2
+6 1
fe=(34)
-11 1
fi=(14)
+11 1
-3 2
fe=(34)

fl=(64) /usr/src/debug/glibc-2.33-20.fc34.x86_64/misc/../sysdeps/unix/syscall-template.S
fn=(222) mprotect
117 25
+5 5

fn=(372) munmap
117 5
+5 1

fl=(36) /usr/src/debug/glibc-2.33-20.fc34.x86_64/elf/dl-hwcaps_split.c
fn=(120) _dl_hwcaps_contains
66 6
+1 12
+1 6
+9 6

fn=(116) _dl_hwcaps_split
25 60
+1 45
+4 36
+4 48
+1 12
-1 24
+2 24
+5 27
cfi=(37) /usr/src/debug/glibc-2.33-20.fc34.x86_64/string/../sysdeps/x86_64/multiarch/../strchr.S
cfn=(118) index
calls=9 -18 
* 216
+1 18
+3 12
+2 6
-1 6
+1 24
-20 6
+20 18
-4 6
cfi=(18) /usr/src/debug/glibc-2.33-20.fc34.x86_64/string/../sysdeps/x86_64/multiarch/../strlen.S
cfn=(56) strlen
calls=3 -2 
* 51
* 3
+4 3
-1 3
+1 9

fn=(114) _dl_hwcaps_split_masked
51 44
+5 9
+1 27
+1 18
-4 28
cfn=(116)
calls=14 -29 
* 645
* 28
+8 10
-4 24
cfn=(120)
calls=6 +8 
* 30
* 12
+4 12

fl=(21) /usr/src/debug/glibc-2.33-20.fc34.x86_64/elf/dl-object.c
fn=(64) _dl_new_object
59 33
+3 3
-3 6
+3 6
+15 2
+3 6
cfi=(18)
cfn=(56)
calls=2 -39 
* 52
+4 2
-4 4
+4 2
+5 4
fi=(22) /usr/src/debug/glibc-2.33-20.fc34.x86_64/elf/../include/rtld-malloc.h
-45 6
cfi=(5) /usr/src/debug/glibc-2.33-20.fc34.x86_64/elf/dl-minimal.c
cfn=(66) rtld_calloc
calls=2 171 
* 111
fe=(21)
+45 1
fi=(22)
-45 3
cfi=(5)
cfn=(66)
calls=1 171 
* 43
* 3
fe=(21)
+48 6
+4 3
-1 3
+6 3
-5 3
+5 3
-5 3
+4 3
+1 3
-1 3
+1 6
cfi=(23) /usr/src/debug/glibc-2.33-20.fc34.x86_64/string/../sysdeps/x86_64/multiarch/memmove-vec-unaligned-erms.S
cfn=(74) memcpy
calls=3 +22 
* 44
* 3
+15 3
-15 3
+2 3
+13 14
+6 1
+2 7
+3 2
-3 14
+3 4
+2 3
+4 3
+3 14
fi=(24) /usr/src/debug/glibc-2.33-20.fc34.x86_64/elf/../sysdeps/generic/ldsodefs.h
1275 3
fe=(21)
136 2
+2 1
-2 2
fi=(24)
1275 45
fe=(21)
136 30
+2 15
-2 30
+16 3
-6 3
+1 3
+5 6
-6 3
+6 9
+2 4
+3 4
-3 4
+7 8
+4 4
+8 2
+13 1
-10 2
+10 5
-10 4
+10 6
+2 2
cfi=(18)
cfn=(56)
calls=2 41 
* 70
+21 2
-21 6
+17 2
-13 6
+50 6
cfi=(23)
cfn=(130) mempcpy
calls=2 110 
* 34
+5 84
+1 84
+2 4
+3 2
+3 2
+4 27
128 6
+22 1
+7 4
+8 8
fi=(22)
56 4
cfi=(5)
cfn=(70) rtld_malloc
calls=2 +72 
* 50
* 2
fe=(21)
197 8
64 2
+1 6
+9 1
-5 2

fn=(78) _dl_add_to_namespace_list
31 9
+2 3
-2 3
+2 3
-2 9
+2 3
-2 3
+2 3
cfi=(1) /usr/src/debug/glibc-2.33-20.fc34.x86_64/elf/rtld.c
cfn=(80) rtld_lock_default_lock_recursive
calls=3 850 
* 9
+2 18
+3 20
+2 2
+2 2
+4 2
+4 2
-4 4
+1 4
+1 4
+3 10
-1 2
cfi=(1)
cfn=(82) rtld_lock_default_unlock_recursive
calls=2 856 
* 6
-4 1
+4 1
-4 2
+1 2
+1 2
+3 5
-1 1
cfi=(1)
cfn=(82)
calls=1 856 
* 3
-5 2

fl=(15) /usr/src/debug/glibc-2.33-20.fc34.x86_64/elf/../sysdeps/x86/dl-cacheinfo.h
fn=(38) handle_intel.constprop.0
255 24
-5 24
+16 12
-16 72
+13 12
+1 36
-3 24
+11 60
+5 24
+2 12
+1 12
-1 12
+5 48
cfn=(40) intel_check_word.constprop.0
calls=12 123 
* 3936
+2 24
+3 60
cfn=(40)
calls=12 123 
* 1165
+2 24
+3 5
cfn=(40)
calls=1 123 
* 20
+2 2
+3 5
cfn=(40)
calls=1 123 
* 259
+2 2
-35 3
+39 3
+5 96

fn=(40)
123 78
-4 78
+10 104
-10 26
+10 52
+2 52
+71 200
-71 102
+2 63
+2 126
+8 126
+51 102
+22 51
fi=(16) /usr/src/debug/glibc-2.33-20.fc34.x86_64/elf/../bits/stdlib-bsearch.h
28 51
-1 102
+8 282
-6 690
+2 690
+1 345
fe=(15)
+78 690
+3 345
fi=(16)
-76 126
fe=(15)
+88 15
246 104
-91 36
+3 36
-6 12
+3 24
+9 24
+1 24
+22 21
-32 63
+3 63
+4 64
+2 128
+2 58
+1 18
+5 11
+2 22
+6 14
+3 8
+1 12
-8 4
+2 4
+1 4
-2 4
-1 4
+2 8
-2 4
+3 4
-2 12
+2 12
-11 36
+1 24
+1 10
+11 12

fn=(44) get_common_cache_info.constprop.0
481 1
+16 1
-16 4
+15 1
-15 3
+26 1
-26 1
+18 1
-2 1
+1 2
+12 2
-5 1
+16 1
+5 3
+4 2
681 4
+1 5
+4 2
+9 2
-2 1
+2 2
-1 1
+1 3
535 6
+3 5
+6 2
-6 9
+6 6
+4 6
+14 2
+4 1
+3 1
+1 1
-4 2
+3 3
+6 8
-30 8
+3 20
+5 2
+4 1
+1 1
-1 2
+18 2
-68 5
+74 4
+8 9
+2 2
+4 3
+2 1
+2 4
-4 1
+33 1
-33 2
+21 2
-21 4
+3 1
+1 4
-4 1
+6 4
+3 2
+5 1
+2 2
+1 1
+1 1
-2 2
+1 1
-19 4
+46 2
+1 1
+1 2
+2 2
-1 3
-23 2
-7 1
+11 2
+3 1
+2 4
+1 1
+5 2

fl=(60) /usr/src/debug/glibc-2.33-20.fc34.x86_64/elf/dl-cache.c
fn=(216) _dl_cache_libcmp
364 18
+1 30
+4 43
-2 43
+2 43
-2 86
+20 84
+2 84
-24 34
+28 34
+1 34
-29 68
+32 3
-28 2
+8 1
-2 2
+1 2
+1 2
-2 1
+2 1
+2 3
-3 1
+3 1
+2 2
+9 24

fn=(206) _dl_load_cache_lookup
410 6
+2 2
+3 3
+74 3
+3 5
cfn=(212) search_cache
calls=1 203 
* 948
* 1
+15 2
+4 2
+8 2
cfi=(18)
cfn=(56)
calls=1 41 
* 35
* 13
+1 2
-1 1
+1 1
cfi=(23)
cfn=(74)
calls=1 123 
* 11
* 1
+1 1
cfi=(48) /usr/src/debug/glibc-2.33-20.fc34.x86_64/string/strdup.c
cfn=(168) strdup
calls=1 40 
* 89
+1 3
-3 2
418 5
cfi=(47) /usr/src/debug/glibc-2.33-20.fc34.x86_64/elf/dl-misc.c
cfn=(208) _dl_sysdep_read_whole_file
calls=1 44 
* 102
* 1
+8 6
+1 8
+3 4
+1 1
-1 3
fi=(61) /usr/src/debug/glibc-2.33-20.fc34.x86_64/elf/../sysdeps/generic/dl-cache.h
194 1
+1 5
fe=(60)
438 1
+1 2

fn=(370) _dl_unload_cache
531 1
+1 4
-1 1
+3 2
cfi=(64)
cfn=(372)
calls=1 117 
* 6
+1 1
+4 1
+2 2

fn=(212)
203 10
+2 1
-2 3
fi=(62) /usr/src/debug/glibc-2.33-20.fc34.x86_64/elf/../sysdeps/x86/dl-procinfo.h
39 2
+3 3
cfi=(27) /usr/src/debug/glibc-2.33-20.fc34.x86_64/string/../sysdeps/x86_64/strcmp.S
cfn=(88) strcmp
calls=1 +69 
* 25
* 4
fe=(60)
208 5
cfi=(8)
cfn=(46)
calls=1 403 
* 21
* 2
+2 2
+10 2
+3 1
-10 3
356 4
220 8
+2 16
+1 8
-32 16
+32 8
+4 16
+4 24
cfn=(216)
calls=8 364 
* 573
+1 16
353 7
+1 3
220 6
360 20
242 2
+3 2
+2 4
cfn=(216)
calls=1 364 
* 73
* 2
-7 2
-30 3
+1 3
-1 8
+96 4
-47 2
+10 2
+1 3
+2 2
+7 2
fi=(61)
125 5
fe=(60)
288 2
+12 2
+2 3
+13 2
+21 1
+3 1
-3 1
+3 2
-36 2
+4 4

fl=(47)
fn=(208)
44 2
+3 1
-3 6
+3 1
-3 1
+3 1
cfi=(49) /usr/src/debug/glibc-2.33-20.fc34.x86_64/io/../sysdeps/unix/sysv/linux/open64_nocancel.c
cfn=(172) __open_nocancel
calls=1 -13 
* 19
+1 2
+23 7
-21 4
cfi=(52) /usr/src/debug/glibc-2.33-20.fc34.x86_64/io/../sysdeps/unix/sysv/linux/fstat64.c
cfn=(184) fstat
calls=1 -21 
* 15
* 2
+2 2
+3 2
+13 2
cfi=(57) /usr/src/debug/glibc-2.33-20.fc34.x86_64/io/../sysdeps/unix/sysv/linux/close_nocancel.c
cfn=(198) __GI___close_nocancel
calls=1 -43 
* 6
* 1
-11 6
cfi=(54) /usr/src/debug/glibc-2.33-20.fc34.x86_64/misc/../sysdeps/unix/sysv/linux/mmap64.c
cfn=(188) mmap
calls=1 -9 
* 20
* 2

fn=(162) _dl_name_match_p
340 84
+1 28
cfi=(27)
cfn=(88)
calls=14 111 
* 350
* 14
+1 14
-1 28
+3 14
+2 28
+4 15
-4 30
+1 54
cfi=(27)
cfn=(88)
calls=18 111 
* 574
* 36
-5 3
+11 23
-1 11
+1 33

fl=(33) /usr/src/debug/glibc-2.33-20.fc34.x86_64/elf/dl-hwcaps.c
fn=(106) _dl_important_hwcaps
172 5
+1 1
-1 6
+1 1
-1 1
+1 1
-1 1
+1 1
-1 1
+1 2
cfi=(8)
cfn=(46)
calls=1 403 
* 21
* 1
+2 2
+1 3
+9 2
-9 1
+8 1
cfi=(34)
cfn=(108)
calls=1 29 
* 47
fi=(35) /usr/src/debug/glibc-2.33-20.fc34.x86_64/elf/./dl-hwcaps.h
54 1
fe=(33)
185 1
-1 1
fi=(35)
56 1
+32 1
+1 1
+1 1
fe=(33)
-38 2
cfi=(36)
cfn=(114)
calls=1 -1 
* 22
* 2
fi=(35)
+2 1
+2 2
-2 1
+34 2
+1 2
+1 1
fe=(33)
-35 2
-1 2
+1 6
-3 4
cfi=(36)
cfn=(114)
calls=2 -1 
* 134
* 2
cfi=(36)
cfn=(114)
calls=1 -1 
* 147
* 6
+48 5
fi=(22)
-44 1
cfi=(5)
cfn=(70)
calls=1 +72 
* 25
fe=(33)
+44 1
+2 2
+3 1
fi=(35)
-49 1
fe=(33)
+52 2
-3 1
fi=(35)
-51 2
+3 1
fe=(33)
+55 2
cfi=(36)
cfn=(116)
calls=1 -87 
* 12
* 2
fi=(35)
-58 1
+2 2
-2 1
+34 2
+1 2
+1 1
fe=(33)
+37 10
+1 4
+1 2
+1 2
-1 2
-4 4
cfi=(36)
cfn=(114)
calls=2 -74 
* 134
* 2
cfi=(36)
cfn=(114)
calls=1 -74 
* 147
* 6
+8 2
+9 1
-15 1
+15 2
-15 1
+15 8
+9 2
+4 7
cfi=(38) /usr/src/debug/glibc-2.33-20.fc34.x86_64/string/../sysdeps/x86_64/memcmp.S
cfn=(122) bcmp
calls=1 23 
* 41
+1 2
+1 4
+5 1
-1 1
+2 1
-20 1
+20 1
-1 1
+1 1
-20 2
-1 4
+53 1
+1 1
+4 1
-5 2
+1 4
+4 2
-4 1
+4 4
+1 1
-1 1
+1 2
+1 2
-2 5
+1 1
-1 1
+1 2
+1 2
-2 5
+5 1
+3 19
+7 1
-7 1
+2 1
+1 4
fi=(39) /usr/src/debug/glibc-2.33-20.fc34.x86_64/elf/../sysdeps/x86/dl-hwcap.h
57 7
fe=(33)
213 1
+1 1
cfi=(18)
cfn=(56)
calls=1 41 
* 17
+1 1
+1 1
-6 1
+4 1
+1 2
+1 1
-1 2
-5 5
+8 3
+2 1
+2 3
-2 1
+1 2
+4 5
+1 1
+3 2
+4 3
-1 2
+4 1
+1 2
+16 11
+6 2
fi=(22)
56 1
cfi=(5)
cfn=(70)
calls=1 +72 
* 25
* 2
fe=(33)
260 2
+7 1
+1 1
+1 3
-1 2
+1 2
-1 1
+1 1
cfn=(128) copy_hwcaps
calls=1 74 
* 43
+1 5
cfn=(128)
calls=1 74 
* 374
+3 1
+1 1
-1 1
+8 2
+24 3
+3 4
-72 2
353 2
+13 1
-13 1
+13 2
-58 2
+13 1
-6 1
+10 2
-4 1
+4 2
-4 1
-34 3
+37 4
-3 2
-3 1
+3 1
cfi=(23)
cfn=(130)
calls=1 110 
* 17
* 2
-3 1
+3 1
cfi=(23)
cfn=(130)
calls=1 110 
* 17
* 2
+3 2
-3 4
+3 5
+1 12
+1 2
-2 1
+2 1
cfi=(23)
cfn=(130)
calls=1 110 
* 15
* 2
-2 2
+5 6
cfi=(23)
cfn=(130)
calls=2 110 
* 30
* 4
+2 5
+5 7
+1 1
-1 3
+1 7
-1 22
+5 11
+3 2
-3 8
+3 10
+1 3
-1 3
+1 15
-1 9
+1 18
+1 24
-1 12
-1 12
+2 24
-1 24
-1 24
+4 9
+4 1
-1 1
+2 1
-2 1
+1 1
+1 1
-2 1
+2 3
-1 1
+1 2
+3 2
+3 2
-6 2
+2 6
+3 1
+1 2
-6 2
+6 3
+7 8
+1 1
-1 2
+3 2
-3 3
+1 3
-1 6
+3 6
+3 5
-80 2
+86 9
239 2
+1 1
-1 1
+2 1
-1 1
+1 3
-1 2
+2 2
+7 4
-41 2
+1 2

fn=(128)
74 6
+6 2
-6 4
fi=(35)
-20 2
+2 4
+32 2
+1 2
+1 2
fe=(33)
-11 4
+1 4
-1 2
+1 10
cfi=(23)
cfn=(130)
calls=2 +30 
* 26
+4 2
+2 2
+2 2
-3 2
+1 4
+1 4
+1 2
-11 4
cfi=(36)
cfn=(114)
calls=2 -26 
* 134
* 4
cfi=(36)
cfn=(114)
calls=2 -26 
* 169
* 8
+13 10

fl=(38)
fn=(122)
23 1
+5 1
+1 1
+1 1
+1 1
+1 1
+1 1
+1 1
+1 1
+3 1
+1 1
+1 1
+1 1
+1 1
+1 1
+1 1
+1 1
+1 1
+2 1
+1 1
+9 1
+1 1
+9 1
+1 1
+1 1
+1 1
+1 1
+1 1
+29 1
+1 1
+1 1
+1 1
+1 1
+1 1
+1 1
+1 1
+1 1
+1 1
+1 1
+1 1
+1 1

fl=(18)
fn=(56)
41 13
+38 13
+1 13
+1 13
+1 13
+1 13
+1 13
+1 13
+2 13
+2 13
+31 13
+1 13
+1 13
+1 13
+1 13
+1 7
+2 7
+4 6
+1 6
+1 6
+1 6
+1 6
+1 6
+1 6
+1 6
+1 6
+1 6
+1 6
+1 6
+5 48

fl=(19) /usr/src/debug/glibc-2.33-20.fc34.x86_64/elf/../misc/sbrk.c
fn=(58) sbrk
37 5
+3 1
+18 2
+4 2
+16 5

fl=(41) /usr/src/debug/glibc-2.33-20.fc34.x86_64/elf/dl-debug.c
fn=(136) _dl_debug_initialize
46 4
+3 8
+5 6
+5 1
-1 1
+1 3
+1 2
-1 1
+5 1
-14 4
+4 8
+3 1
+1 5

fn=(140) _dl_debug_state
73 2
+1 2

fl=(42) /usr/src/debug/glibc-2.33-20.fc34.x86_64/elf/../elf/dl-tls.c
fn=(224) _dl_next_tls_modid
127 1
+3 1
+13 1
-13 1
+36 1
+12 1
+4 1

fn=(246) _dl_determine_tlsoffset
214 8
+6 3
+3 2
+36 3
+2 1
-2 1
-2 1
-40 1
-1 1
-1 1
+46 2
+23 3
+3 1
-3 4
+2 2
-2 1
-25 1
+20 1
-20 5
+2 2
+3 1
-1 1
+5 2
-5 1
+1 1
-1 1
+3 2
+2 3
+32 2
-1 1
+53 1
-52 4
+2 2
+51 8

fn=(346) _dl_allocate_tls_init
517 9
+1 2
+4 1
+6 1
-6 1
+6 2
-4 1
+16 1
-15 2
+20 8
+9 3
+1 2
+6 3
+1 1
+2 1
-2 1
+6 1
-4 2
+4 1
-4 2
+1 1
+2 2
+4 2
+1 4
+2 2
+1 1
+12 1
-12 1
+12 1
-3 1
+3 1
cfi=(23)
cfn=(130)
calls=1 110 
* 13
* 5
cfi=(40) /usr/src/debug/glibc-2.33-20.fc34.x86_64/string/../sysdeps/x86_64/multiarch/memset-vec-unaligned-erms.S
cfn=(134) memset
calls=1 98 
* 34
+6 1
-48 4
+6 4
+50 2
+3 9

fn=(244) _dl_tls_static_surplus_init
93 2
+4 1
-4 2
+4 1
-4 2
+4 3
cfi=(8)
cfn=(46)
calls=1 403 
* 21
* 1
+1 4
cfi=(8)
cfn=(46)
calls=1 403 
* 21
* 1
+8 1
-8 1
+6 2
+2 3
+3 1
+2 1
-32 3
+34 3
+1 5

fn=(344) _dl_add_to_slotinfo
967 8
+6 1
+3 1
+1 1
+4 3
+41 2
+3 4
-1 1
+1 1
+2 6

fn=(248) _dl_allocate_tls_storage
412 2
+13 1
-13 2
+2 1
+12 1
fi=(22)
56 1
cfi=(5)
cfn=(70)
calls=1 +72 
* 25
fe=(42)
427 3
+8 2
fi=(22)
44 1
fe=(42)
435 2
+1 1
+4 321
+19 1
-94 2
+1 1
fi=(22)
44 1
cfi=(5)
cfn=(66)
calls=1 171 
* 75
fe=(42)
367 2
+3 1
+6 2
+89 5

fn=(138) _dl_count_modids
187 1
+5 2
+1 1
+15 2

fl=(75) /usr/src/debug/glibc-2.33-20.fc34.x86_64/elf/dl-lookup-direct.c
fn=(362) check_match
31 6
+2 1
-2 1
+1 1
+1 1
-2 1
+2 2
+2 2
+1 2
+12 3
+3 1
+2 3
cfi=(27)
cfn=(88)
calls=1 +58 
* 88
* 2
+4 2
+1 6
+1 3
cfi=(27)
cfn=(88)
calls=1 +52 
* 25
+5 2
-3 3
+3 5

fn=(360) _dl_lookup_direct
74 12
+1 1
+3 1
-2 2
+2 3
+37 1
-37 3
+1 2
+2 4
+3 10
+2 2
+1 2
-1 1
+1 4
cfn=(362)
calls=1 -56 
* 160
+3 2
-3 1
+3 1
+3 3
+23 9

fl=(7) /usr/src/debug/glibc-2.33-20.fc34.x86_64/elf/../elf/dl-sysdep.c
fn=(368) _dl_sysdep_start_cleanup
259 1
+1 1

fn=(14) _dl_sysdep_start
88 9
+25 1
-1 1
+1 157
+6 1
-3 1
+1 1
-4 1
+3 1
+3 12
-29 1
-1 1
+31 110
+3 1
+1 1
-5 79
+62 1
-62 1
+63 1
-1 1
-62 3
+34 1
-34 1
+35 1
-1 1
-34 3
+46 1
-46 1
+47 1
-1 1
-46 3
+40 1
-40 1
+41 1
-1 1
-40 3
+37 1
-37 1
+38 1
-1 1
-37 4
+13 1
-13 1
+14 1
-1 1
-13 3
+10 1
-10 1
+11 1
-1 1
-10 3
+7 1
-7 4
224 1
cfi=(8)
cfn=(16) __GI___tunables_init
calls=1 +56 
* 23875
fi=(10) /usr/src/debug/glibc-2.33-20.fc34.x86_64/elf/../sysdeps/unix/sysv/linux/dl-sysdep.c
36 2
cfi=(11) /usr/src/debug/glibc-2.33-20.fc34.x86_64/elf/../sysdeps/unix/sysv/linux/brk.c
cfn=(22) brk
calls=1 -1 
* 8
fi=(3) /usr/src/debug/glibc-2.33-20.fc34.x86_64/elf/../sysdeps/x86_64/dl-machine.h
227 1
cfi=(12) /usr/src/debug/glibc-2.33-20.fc34.x86_64/elf/../sysdeps/x86/dl-get-cpu-features.c
cfn=(26) _dl_x86_init_cpu_features
calls=1 36 
* 7161
fe=(7)
+8 3
+1 1
cfi=(18)
cfn=(56)
calls=1 41 
* 17
* 1
+2 2
cfi=(19)
cfn=(58)
calls=1 37 
* 15
* 3
+12 3
+3 5
cfi=(1)
cfn=(60) dl_main
calls=1 1128 
* 105264
+2 9

fl=(31) /usr/src/debug/glibc-2.33-20.fc34.x86_64/posix/../sysdeps/unix/syscall-template.S
fn=(100) uname
120 5
+2 1

fl=(80)
fn=(438)
67 6
+5 6
+3 6
+2 6
+10 6
+6 6
+1 6
+1 6
+1 6
+1 6
+1 6
+1 6
+4 6
+1 6
+3 6
+1 6
+2 6
+1 6
+1 6
+1 6
+1 6
+1 6
+2 6
+7 6
+1 6
+1 6
cfi=(81) /usr/src/debug/glibc-2.33-20.fc34.x86_64/elf/dl-runtime.c
cfn=(440) _dl_fixup
calls=6 -66 
* 3708
+1 6
+5 6
+1 6
+1 6
+2 6
+1 6
+1 6
+1 6
+1 6
+1 6
+1 6
+2 6
+2 6
+4 6
+3 6

fl=(12)
fn=(356) __x86_cpu_features
42 1
-4 3
+4 2

fn=(26)
36 1
+2 3
+1 1
cfi=(13) /usr/src/debug/glibc-2.33-20.fc34.x86_64/elf/../sysdeps/x86/cpu-features.c
cfn=(28) init_cpu_features.constprop.0
calls=1 382 
* 7156

fl=(26) /usr/src/debug/glibc-2.33-20.fc34.x86_64/elf/dl-load.c
fn=(104) _dl_init_paths
688 9
+14 1
-14 4
+14 2
cfi=(33)
cfn=(106)
calls=1 172 
* 2035
fi=(22)
56 1
fe=(26)
702 1
fi=(22)
56 1
cfi=(5)
cfn=(70)
calls=1 +72 
* 25
fe=(26)
707 1
+2 2
+7 2
+1 2
-1 3
+5 3
fi=(22)
56 1
cfi=(5)
cfn=(70)
calls=1 +72 
* 25
fe=(26)
721 1
+2 4
+26 1
-9 1
+12 1
-9 1
-13 1
-1 1
+9 1
+2 1
+1 1
+2 1
+1 1
+5 2
+1 3
+2 1
-2 2
cfi=(40)
cfn=(134)
calls=1 98 
* 17
+2 1
-2 2
-7 1
-5 1
+12 1
-12 1
+2 1
+1 1
+2 1
+1 1
+6 1
cfi=(40)
cfn=(134)
calls=1 98 
* 17
+2 1
+12 1
+3 1
-8 1
-1 1
+9 2
+2 4
+2 3
+36 2
+31 1
+1 8
-49 1
-2 1
+2 2
+14 2

fn=(160) _dl_map_object
2015 30
+8 6
+1 12
+3 42
+5 49
+2 21
cfi=(47)
cfn=(162)
calls=7 340 
* 695
* 14
+4 12
+1 18
+3 2
+1 2
+1 2
-1 2
+1 4
cfi=(27)
cfn=(88)
calls=2 111 
* 50
* 4
2323 27
2059 2
-2 2
+2 4
-2 4
-40 2
+50 6
+36 4
-2 2
+2 2
cfi=(37)
cfn=(118)
calls=2 23 
* 48
* 4
2254 2
-1 3
cfn=(164) expand_dynamic_string_token
calls=1 383 
* 181
+2 1
-3 1
+1 1
+2 2
+4 6
cfn=(170) open_verify.constprop.0
calls=1 1564 
* 287
* 1
+3 2
+12 4
+46 1
+1 3
-1 1
+1 9
cfn=(180) _dl_map_object_from_fd
calls=1 926 
* 1804
-1 1
+1 3
-1 1
+1 9
cfn=(180)
calls=1 926 
* 2407
* 6
2107 2
cfi=(18)
cfn=(56)
calls=1 41 
* 17
* 2
+2 2
+7 4
664 3
2246 2
+28 4
+2 4
2120 6
+5 4
664 1
2126 1
664 2
2140 3
+1 8
664 1
2142 1
664 2
2151 3
+7 2
+9 1
+14 2
+2 3
+4 2
cfi=(60)
cfn=(206)
calls=1 410 
* 1272
* 1
+2 2
+4 2
+8 3
+23 7
cfn=(170)
calls=1 1564 
* 396
+4 2
-4 1
+4 1
+1 2

fn=(170)
1564 22
+39 2
-39 2
+39 4
+31 8
cfi=(49)
cfn=(172)
calls=2 34 
* 38
* 2
+2 4
+11 2
+6 4
-5 2
+5 16
cfi=(50) /usr/src/debug/glibc-2.33-20.fc34.x86_64/io/../sysdeps/unix/sysv/linux/read_nocancel.c
cfn=(174) __read_nocancel
calls=2 25 
* 12
+2 4
+2 4
+2 4
+6 4
+17 22
fi=(22)
50 4
cfi=(5)
cfn=(178) rtld_free
calls=2 188 
* 10
fe=(26)
1849 18
1682 6
+59 4
+5 4
+2 8
+6 4
+6 2
+1 2
-1 6
+1 2
-1 2
+1 4
+1 2
+20 6
+31 2
-31 2
+31 2
1641 2
1813 8
-31 114
+1 52
+1 16
+4 16
+6 4
+1 28
+10 10
cfi=(63) /usr/src/debug/glibc-2.33-20.fc34.x86_64/io/../sysdeps/unix/sysv/linux/pread64_nocancel.c
cfn=(220) __pread64_nocancel
calls=2 25 
* 14
* 14
+8 30
+15 2
+6 1
-3 1
+1 1
+1 1
+1 2
-3 1
+1 1
+1 1
+2 1
-3 3
-1 1
+4 2
-19 36
+3 4
-4 4
+4 8
+5 1
+1 2
-60 13
+1 3
-1 1
+1 3
cfi=(63)
cfn=(220)
calls=1 25 
* 7
* 3
+16 5
+7 12
1682 3
1795 4
-30 2

fn=(86) _dl_process_pt_gnu_property
850 3
+8 3
-8 3
+8 3
-6 3
+12 6
-13 3
+13 3
-13 3
+13 6
+3 9
+1 6
+1 6
+43 3

fn=(180)
926 22
+10 2
-10 2
+10 2
-10 4
+10 2
cfi=(41)
cfn=(136)
calls=2 46 
* 18
* 2
+7 8
+81 8
+10 4
+7 8
+33 4
937 2
1077 14
cfi=(21)
cfn=(64)
calls=2 59 
* 777
* 2
+1 4
+11 2
+5 2
-5 2
+1 4
+1 2
+2 2
-2 2
+2 4
+1 6
+1 2
+19 2
-2 1
+2 9
-2 1
+2 29
+8 2
-8 2
+8 12
+90 2
-6 2
-37 4
-23 2
-30 2
+96 2
-6 2
-91 2
+31 2
+66 2
-52 2
-50 4
+13 60
+17 2
+1 1
-19 69
+1 127
1224 2
1122 2
1224 2
+1 4
1122 6
1229 6
1090 4
1242 4
+10 6
fi=(55) /usr/src/debug/glibc-2.33-20.fc34.x86_64/elf/./dl-map-segments.h
56 2
fe=(26)
1252 2
fi=(55)
56 2
fe=(26)
1252 4
fi=(55)
57 2
fe=(26)
1252 6
fi=(55)
57 2
-1 2
-6 2
+6 4
-6 2
+6 2
cfi=(54)
cfn=(188)
calls=2 -8 
* 40
+4 4
-4 2
+4 2
+3 4
+1 2
+2 2
-3 2
+1 2
+2 2
+7 11
cfi=(64)
cfn=(222)
calls=1 +44 
* 6
* 3
+7 2
+2 2
fi=(56) /usr/src/debug/glibc-2.33-20.fc34.x86_64/elf/./dl-load.h
+8 16
+1 6
+2 16
fi=(55)
+11 32
+8 2
-1 4
-1 2
+3 2
-1 2
+1 2
-1 6
+8 4
+3 4
+8 14
cfi=(40)
cfn=(134)
calls=2 -33 
* 363
+1 4
+5 4
+12 8
-59 40
+2 12
+3 6
-3 12
+2 48
cfi=(54)
cfn=(188)
calls=6 -46 
* 108
* 18
fi=(51) /usr/src/debug/glibc-2.33-20.fc34.x86_64/elf/../sysdeps/posix/dl-fileid.h
-57 6
cfi=(52)
cfn=(184)
calls=2 -8 
* 30
* 4
fe=(26)
981 2
fi=(51)
40 2
+1 2
fe=(26)
981 2
fi=(51)
40 2
fe=(26)
981 4
fi=(51)
41 2
fe=(26)
981 21
+1 10
fi=(51)
49 12
fe=(26)
1511 18
1000 4
1123 26
+23 24
+5 56
+10 16
-1 8
+4 16
-4 8
-1 8
+2 16
+2 8
-2 8
-1 8
+1 8
+1 8
-1 8
+2 8
+1 8
+4 16
+1 30
+5 6
-1 6
+1 6
-1 6
+1 24
-15 6
+15 12
+10 6
-10 2
-1 2
+1 2
-1 2
+1 8
-15 2
+15 4
+10 2
-55 4
+5 4
+1 8
+52 3
+4 1
+1 2
-58 1
+62 5
+1 1
+3 1
-3 1
+8 4
+15 4
+1 2
1098 13
+1 2
-1 1
+1 1
-1 1
+1 1
cfi=(63)
cfn=(220)
calls=1 25 
* 7
* 2
1268 8
+9 6
fi=(2) /usr/src/debug/glibc-2.33-20.fc34.x86_64/elf/get-dynamic-info.h
40 2
+6 2
-2 2
+2 4
+9 2
+5 2
+3 2
-1 2
-3 2
-3 31
+13 9
-23 36
+23 36
-23 144
+4 90
+5 44
+2 10
+3 8
+3 8
+2 8
+11 4
+20 7
+1 8
+1 8
+1 8
+2 8
+5 8
+1 7
+1 8
+5 6
+5 4
+7 4
+1 6
+18 6
+5 2
+2 2
+2 2
+2 2
+3 6
+2 6
+1 4
+9 6
+5 4
+3 4
fe=(26)
1283 4
+1 4
+2 4
+10 6
+19 4
+2 10
+48 6
+1 2
+6 14
+1 42
+6 8
cfn=(86)
calls=2 850 
* 40
-7 50
+1 25
+6 25
-6 50
fi=(25) /usr/src/debug/glibc-2.33-20.fc34.x86_64/elf/../sysdeps/x86/dl-prop.h
203 8
+1 4
95 16
+9 4
+99 2
-99 2
-2 2
-2 2
+1 2
+3 6
+81 8
-1 2
-80 6
+3 6
+1 4
+1 4
+4 6
+4 6
+3 6
+1 4
+4 2
+1 6
+23 6
+10 3
-1 6
+1 2
+18 6
+2 8
-49 6
+1 3
+3 6
+3 3
+1 12
+5 12
+26 2
fe=(26)
1384 4
cfi=(57)
cfn=(198)
calls=2 25 
* 12
* 4
+13 4
+2 8
+2 4
+16 4
cfi=(6) /usr/src/debug/glibc-2.33-20.fc34.x86_64/elf/dl-lookup.c
cfn=(12) _dl_setup_hash
calls=2 955 
* 50
+4 4
+1 4
+17 4
+4 2
+5 2
-5 2
+5 2
+10 4
+7 16
+10 4
+1 4
+5 1
cfi=(42)
cfn=(224)
calls=1 127 
* 7
* 1
+7 3
cfi=(21)
cfn=(78)
calls=1 31 
* 52
* 3
cfi=(21)
cfn=(78)
calls=1 31 
* 48
+4 6
fi=(56)
94 4
+2 1
-1 2
+1 1
-1 1
+1 1
-1 1
+1 1
-1 2
+3 4
fe=(26)
1440 2
fi=(55)
141 8
cfi=(54)
cfn=(188)
calls=1 -93 
* 18
+3 2
fe=(26)
1098 2
fi=(2)
156 2
+20 3
fi=(25)
+14 10
+2 2
+1 2
+1 2
-2 6
+2 2
fe=(26)
1466 6
+1 1
+1 1
-1 1
+1 1
-1 1
cfi=(27)
cfn=(88)
calls=1 111 
* 68
* 2
+2 2
fi=(25)
162 2
-32 2
fe=(26)

fn=(166) _dl_dst_count
236 6
+3 3
-3 6
+7 3
-7 6
+3 3
cfi=(37)
cfn=(118)
calls=3 23 
* 120
+3 6
+20 21

fn=(164)
383 3
+10 1
-10 4
+10 1
cfn=(166)
calls=1 236 
* 66
+3 2
+12 1
-11 1
+11 4
-11 1
cfi=(48)
cfn=(168)
calls=1 40 
* 97

fl=(65) /usr/src/debug/glibc-2.33-20.fc34.x86_64/malloc/scratch_buffer_set_array_size.c
fn=(226) __libc_scratch_buffer_set_array_size
30 20
+4 2
+1 4
+11 2
-1 4
+18 8

fl=(40)
fn=(134)
98 11
+1 55
+6 11
+1 11
+1 4
+1 4
+70 4
+1 4
+1 2
+1 2
+1 2
+1 2
+3 2
+3 2
+1 2
+1 2
+1 2
+1 2
+1 2
+1 2
+1 2
+1 2
+1 2
+1 2
+1 2
+1 2
+1 2
+2 47
+1 47
+1 47
+1 47
+1 47
+1 47
+1 47
+1 2
+15 7
+1 7
+1 7
+1 6
+1 6
+1 2
+1 2
+24 1
+1 1
+2 1
+3 4
+1 4
+2 4
+3 2
+1 2
+2 2

fl=(5)
fn=(10) __rtld_malloc_init_stubs
55 1
+1 2
+1 2
+1 2
+1 2
+1 1

fn=(66)
171 8
+4 8
-4 32
+7 8
+1 24
fi=(22)
56 8
cfi=(5)
cfn=(70)
calls=8 +72 
* 285
fe=(5)

fn=(352) lookup_malloc_symbol
74 8
+3 4
-3 28
+3 4
-3 4
+3 4
-1 4
+1 16
cfi=(6)
cfn=(262) _dl_lookup_symbol_x
calls=4 835 
* 1931
+4 28
+1 28
fi=(73) /usr/src/debug/glibc-2.33-20.fc34.x86_64/elf/./dl-sym-post.h
-41 8
+12 12
fe=(5)
+32 32

fn=(70)
128 100
+1 20
+11 20
-11 40
+11 40
+3 20
-3 20
+3 112
+18 20
+1 20
+2 80
-16 8
+1 4
+2 2
+1 14
cfi=(54)
cfn=(188)
calls=2 48 
* 40
* 2
+2 4
+2 4
+2 2
+4 2
-4 4
-23 1
-1 1
+1 1
+1 2
-2 2

fn=(348) __rtld_malloc_init_real
89 2
+11 1
fi=(72) /usr/src/debug/glibc-2.33-20.fc34.x86_64/elf/../sysdeps/generic/dl-hash.h
-55 1
fe=(5)
+54 1
-10 1
fi=(72)
-45 1
fe=(5)
+45 5
+11 1
-1 1
fi=(72)
-56 1
+5 3
+14 4
-17 2
+3 15
+14 20
-17 25
fe=(5)
+59 2
fi=(72)
-37 1
fe=(5)
+35 1
+2 2
fi=(72)
-32 1
fe=(5)
+32 1
cfn=(352)
calls=1 -30 
* 531
+1 3
-1 1
+1 1
cfn=(352)
calls=1 -31 
* 516
+1 3
-1 1
+1 1
cfn=(352)
calls=1 -32 
* 532
+1 3
-1 1
+1 1
cfn=(352)
calls=1 -33 
* 532
+5 1
+1 1
+1 1
+1 1
+1 7

fn=(178)
188 2
+2 8

fl=(82) /usr/src/debug/glibc-2.33-20.fc34.x86_64/elf/dl-fini.c
fn=(570) _dl_fini
31 9
+20 3
-3 7
+3 4
+3 2
cfi=(1)
cfn=(80)
calls=1 850 
* 3
+2 1
+3 2
+2 6
+8 2
-3 1
+3 14
+5 2
+2 8
+2 8
+2 8
+1 4
+1 4
+4 4
-12 12
+14 6
+1 4
+6 8
cfi=(67) /usr/src/debug/glibc-2.33-20.fc34.x86_64/elf/dl-sort-maps.c
cfn=(232) _dl_sort_maps
calls=1 -67 
* 257
+10 2
cfi=(1)
cfn=(82)
calls=1 856 
* 3
+5 3
+17 5
-15 1
+2 3
-2 3
+2 9
+3 8
+3 12
+4 4
+11 2
+1 2
-1 2
+2 4
+1 10
+1 2
cob=(4) /usr/libexec/valgrind/vgpreload_core-amd64-linux.so
cfi=(77) ???
cfn=(584) 0x0000000000001100
calls=1 0 
* 776
cob=(5) /home/ValeMTo/Documents/API/GraphRanker
cfi=(78) ???
cfn=(572) 0x00000000004012d0
calls=1 0 
* 13
-1 8
+5 6
+1 6
cob=(2)
cfi=(44)
cfn=(608)
calls=1 0 
* 4
cob=(2)
cfi=(44)
cfn=(582)
calls=1 0 
* 4
+6 24
+19 4
-59 16
+11 6
+54 6
+6 2
+7 8

fl=(53) /usr/src/debug/glibc-2.33-20.fc34.x86_64/io/../sysdeps/unix/sysv/linux/fstatat64.c
fn=(186) fstatat
34 6
+23 6
+50 9
+1 3

fl=(1)
fn=(80)
850 4
+1 4
+1 4

fn=(158) map_doit
649 2
+2 1
-2 1
+2 1
+1 2
-1 2
+1 3
cfi=(26)
cfn=(160)
calls=1 2015 
* 2647
* 1
+2 2

fn=(0) 0x0000000000001090
626 1
+1 1
cfn=(2) _dl_start
calls=1 503 
* 137476
+3 1
+3 1
+2 1
+2 1
+2 1
+2 1
+3 1
+2 1
+2 1
+2 1
+2 1
+2 1
+2 1
+2 1
cfi=(76) /usr/src/debug/glibc-2.33-20.fc34.x86_64/elf/dl-init.c
cfn=(376) _dl_init
calls=1 81 
* 407
+2 1
+2 1
+2 1
cob=(5)
cfi=(78)
cfn=(402) _start
calls=1 0 
* 421939

fn=(142) handle_preload_list
898 10
+5 5
-4 2
+10 2
+7 1
179 1
918 2
179 2
920 2
+1 4
cfn=(146) do_preload
calls=1 817 
* 2777
* 1
-18 2
+3 3
cfi=(43) /usr/src/debug/glibc-2.33-20.fc34.x86_64/string/../sysdeps/x86_64/strcspn.S
cfn=(144) strcspn
calls=1 28 
* 233
* 1
+1 3
+2 4
cfi=(23)
cfn=(74)
calls=1 123 
* 19
+1 3
+14 9

fn=(146)
817 1
+12 1
-12 5
+10 1
-4 1
+6 2
-5 1
+5 2
-10 1
+6 1
+4 1
cob=(2)
cfi=(44)
cfn=(148)
calls=1 0 
* 2749
+1 3
+8 3
+6 5

fn=(2)
503 10
72 3
fi=(3)
-14 1
fe=(1)
+14 1
fi=(2)
-26 1
fi=(3)
+12 2
fe=(1)
547 1
-3 1
fi=(2)
46 2
+9 1
+5 1
+3 1
+2 1
+4 1
-7 1
-3 1
-3 17
+13 5
-23 20
+23 15
-23 60
+4 40
+5 24
+2 5
+3 4
+16 2
+20 4
+1 4
+1 4
+1 4
+2 4
+5 4
+1 4
+1 4
+5 3
+5 2
+7 3
+1 3
+8 5
+3 3
+4 2
+1 2
fe=(1)
558 2
+7 1
+13 1
cfi=(5)
cfn=(10)
calls=1 55 
* 10
72 1
470 2
72 3
470 1
cfi=(6)
cfn=(12)
calls=1 955 
* 25
+2 1
+17 2
-17 1
+1 2
+1 1
-3 1
+3 1
+9 1
+6 1
cfi=(7)
cfn=(14)
calls=1 88 
* 136804
* 1
+2 2
593 9
fi=(3)
75 1
fe=(1)
563 6
fi=(4) /usr/src/debug/glibc-2.33-20.fc34.x86_64/elf/do-rel.h
46 1
fe=(1)
563 3
fi=(4)
86 3
fe=(1)
563 4
fi=(4)
47 1
fe=(1)
563 2
fi=(4)
47 3
+37 1
-1 1
+28 3
+1 2
fi=(3)
546 2
fi=(4)
112 14
fi=(3)
546 14
+1 8
fi=(4)
111 8
fi=(3)
547 16
fi=(4)
111 16
+5 2
fi=(3)
426 1
fi=(4)
124 2
fi=(3)
338 10
fi=(4)
124 18
+12 6
+3 6
-3 6
fi=(3)
300 6
fi=(4)
139 6
-3 6
+1 12
fi=(3)
300 12
+8 60
+3 12
+27 28
fi=(2)
63 4
+2 4
fi=(3)
338 2
+20 10
+1 5
fe=(1)

fn=(60)
1128 2
+14 1
-14 4
2827 1
1128 1
2818 1
1128 2
2687 1
1128 1
+14 1
+4 2
+1 2
+4 3
+1 3
+5 2
2666 1
1128 1
299 2
2666 1
+6 1
1128 1
2672 1
1128 2
193 1
+1 1
+1 1
+97 1
+1 1
+1 1
+1 1
+1 1
+1 1
+1 1
2672 4
-4 1
+4 1
+2 3
cfi=(20) /usr/src/debug/glibc-2.33-20.fc34.x86_64/elf/dl-environ.c
cfn=(62) _dl_next_ld_env_entry
calls=1 28 
* 311
* 2
cfi=(20)
cfn=(62)
calls=1 28 
* 7
* 6
+4 3
-2 1
+2 3
+1 1
-1 3
+1 6
-1 32
+9 6
2834 4
+32 2
1167 1
+1 2
-1 2
+1 2
2708 2
+7 2
1447 9
cfi=(21)
cfn=(64)
calls=1 59 
* 291
* 1
+2 2
+1 2
+6 1
-6 1
+1 1
+5 1
-5 1
+1 3
+4 1
cfi=(21)
cfn=(78)
calls=1 31 
* 40
+1 2
1136 1
1486 1
-8 1
+8 1
-3 1
-5 1
+8 2
-7 1
+2 1
+5 4
+56 1
1133 1
1487 1
+18 1
+22 1
+15 2
-55 116
+95 2
+1 2
-97 27
fi=(25)
104 3
fe=(1)
1589 22
+6 4
cfi=(26)
cfn=(86)
calls=1 850 
* 20
-7 26
+1 13
+6 13
-6 26
fi=(25)
203 4
+1 2
95 8
+9 2
+99 1
-99 1
-2 1
-2 1
+1 1
+3 3
+81 4
-1 1
-80 3
+3 3
+1 2
+1 2
+4 3
+4 3
+3 3
+1 2
+4 1
+1 3
+23 2
+10 1
-1 2
-28 2
+1 1
+3 2
+3 1
+1 4
+5 4
fe=(1)
1491 1
-5 1
+5 2
-5 2
+29 1
-9 1
+27 1
-27 1
+2 1
-3 1
+10 2
-19 1
-10 1
+10 2
-10 2
+56 4
-1 4
+1 8
-1 4
+2 8
+1 1
+3 2
+1 2
-1 6
+1 6
+1 4
+1 10
-64 1
+65 1
-65 2
+92 1
-92 1
+92 1
-92 2
1604 3
+2 1
-5 3
+3 2
+2 2
+2 2
+13 3
+3 1
-2 1
+2 1
-2 1
+2 1
-2 2
cfi=(27)
cfn=(88)
calls=1 111 
* 25
* 2
+7 1
+3 1
-5 1
+3 1
+2 1
+1 2
+4 2
+2 2
fi=(2)
40 4
+4 1
+2 3
+9 1
+5 1
+3 1
+2 1
-3 1
-3 1
-3 11
+13 3
-23 12
+23 20
-23 80
+4 46
+5 16
+2 5
+19 4
+37 4
+5 2
+7 3
+1 3
+18 4
+14 4
+20 3
fe=(1)
1647 4
+7 2
cfi=(6)
cfn=(12)
calls=1 955 
* 25
+3 2
fi=(28) /usr/src/debug/glibc-2.33-20.fc34.x86_64/elf/./setup-vdso.h
24 2
fi=(30) /usr/src/debug/glibc-2.33-20.fc34.x86_64/elf/../sysdeps/unix/sysv/linux/dl-vdso-setup.h
+21 1
fe=(1)
1682 1
cfi=(10)
cfn=(98) _dl_discover_osversion
calls=1 46 
* 100
* 8
fi=(32) /usr/src/debug/glibc-2.33-20.fc34.x86_64/elf/./dl-main.h
109 5
cfi=(26)
cfn=(104)
calls=1 688 
* 2219
fe=(1)
1690 3
cfi=(41)
cfn=(136)
calls=1 46 
* 18
+7 1
-7 1
+2 1
+5 1
+4 1
+1 1
+2 1
-3 3
+1 2
+3 1
+5 1
-7 1
+7 1
+1 3
+17 2
+1 2
+5 1
-3 2
+2 1
+1 2
+5 3
+1 5
-1 2
220 2
+1 2
+1 2
-2 2
+2 2
1757 2
+5 1
-1 1
+1 1
+24 1
cfi=(42)
cfn=(138)
calls=1 187 
* 6
* 1
+8 4
+3 2
+4 3
+5 2
+1 1
cfi=(41)
cfn=(140)
calls=1 73 
* 2
+1 1
+4 3
+16 3
+2 1
+2 2
+9 2
+16 4
cfi=(58) /usr/src/debug/glibc-2.33-20.fc34.x86_64/io/../sysdeps/unix/sysv/linux/access.c
cfn=(200) access
calls=1 25 
* 9
* 2
+76 4
72 1
1953 3
72 3
1953 5
cfi=(59) /usr/src/debug/glibc-2.33-20.fc34.x86_64/elf/dl-deps.c
cfn=(202) _dl_map_object_deps
calls=1 159 
* 6557
79 1
1959 1
79 2
+9 2
1959 2
+1 6
-1 4
+1 6
-1 12
+4 4
+1 3
+1 1
+2 2
+1 5
-1 9
+1 9
+12 3
+1 2
+2 1
+2 3
+2 1
-4 1
+5 1
-1 2
+14 2
+1 2
+1 3
+11 2
+2 1
-2 1
+2 2
-2 1
+1 2
+1 1
-1 2
+1 1
cfi=(45)
cfn=(234) _dl_receive_error
calls=1 238 
* 2867
+10 2
+1 2
+3 2
866 1
fi=(83) /usr/src/debug/glibc-2.33-20.fc34.x86_64/elf/../sysdeps/unix/sysv/linux/dl-osinfo.h
64 2
fe=(1)
868 1
+6 1
+3 1
+7 1
-5 1
2035 3
2265 4
fi=(25)
190 5
+2 1
+1 1
+1 1
-2 3
+2 1
fe=(1)
1742 1
+6 1
-6 1
+1 2
+5 1
fi=(2)
60 4
+3 4
+2 4
fi=(29) /usr/src/debug/glibc-2.33-20.fc34.x86_64/elf/../sysdeps/unix/sysv/linux/dl-vdso.h
-25 1
+1 2
fe=(1)
2314 1
1135 1
2321 2
+4 1
-4 1
+10 1
-6 1
+6 1
-6 1
+9 2
+8 2
fi=(25)
36 2
+1 3
+3 1
+13 1
-13 9
+9 6
-9 1
+9 20
+4 15
-16 12
+34 4
cfi=(69) /usr/src/debug/glibc-2.33-20.fc34.x86_64/elf/../sysdeps/x86/dl-cet.c
cfn=(250) _dl_cet_check
calls=1 252 
* 31
fe=(1)
2344 2
+30 1
79 3
+1 1
2431 1
80 1
2431 1
+5 4
+2 1
+7 2
cfi=(42)
cfn=(346)
calls=1 517 
* 134
+3 2
+12 3
+2 4
+27 3
cfi=(74) /usr/src/debug/glibc-2.33-20.fc34.x86_64/elf/dl-call-libc-early-init.c
cfn=(358) _dl_call_libc_early_init
calls=1 27 
* 274
+7 1
cfi=(7)
cfn=(368)
calls=1 259 
* 2
+4 3
+21 3
cfi=(41)
cfn=(136)
calls=1 46 
* 9
+1 1
-1 1
+2 1
cfi=(41)
cfn=(140)
calls=1 73 
* 2
+1 1
+4 1
cfi=(60)
cfn=(370)
calls=1 531 
* 18
+5 8
2392 3
+3 1
72 4
2399 2
+1 19
+2 8
+5 8
+2 8
+8 4
-2 4
+2 8
+1 24
cfi=(70) /usr/src/debug/glibc-2.33-20.fc34.x86_64/elf/dl-reloc.c
cfn=(254) _dl_relocate_object
calls=3 167 
* 80968
+4 10
+1 3
cfi=(42)
cfn=(344)
calls=1 967 
* 28
* 1
1700 4
2474 3
cfi=(5)
cfn=(348)
calls=1 89 
* 2229
72 1
2480 1
+1 3
72 3
2481 2
cfi=(70)
cfn=(254)
calls=1 167 
* 3769
79 3
+9 3
2411 1
+1 1
-3 2
1978 2
fi=(30)
30 3
+3 1
+3 1
+3 1
fi=(29)
+16 2
fe=(1)
2028 2
cfn=(242) init_tls
calls=1 742 
* 724
* 2
-91 10
72 1
1836 2
72 3
1836 2
cfn=(142)
calls=1 898 
* 3086
* 1
79 3
+9 3
fi=(25)
+74 2
-32 2
fe=(1)
2715 4
+2 2
+1 1
1937 6
+1 1
-1 1
+4 3
+1 1
+1 2
+1 2
-7 2

fn=(82)
856 4
+1 4
+1 4

fn=(236) version_check_doit
682 3
+2 4
cfi=(68) /usr/src/debug/glibc-2.33-20.fc34.x86_64/elf/dl-version.c
cfn=(238) _dl_check_all_versions
calls=1 362 
* 2839
* 2
+4 2

fn=(242)
742 3
+2 1
+4 1
-4 1
+4 2
+11 1
fi=(22)
44 1
fe=(1)
754 1
+4 1
fi=(22)
44 1
cfi=(5)
cfn=(66)
calls=1 171 
* 36
fe=(1)
769 1
-12 1
+6 1
-9 1
+11 1
+4 1
+2 3
-1 2
+3 8
+4 1
+2 1
-2 2
-5 1
-1 2
+1 3
-1 6
+10 3
+3 2
cfi=(42)
cfn=(244)
calls=1 93 
* 79
+3 1
cfi=(42)
cfn=(246)
calls=1 214 
* 74
+7 1
cfi=(42)
cfn=(248)
calls=1 412 
* 453
* 1
+1 2
+6 1
+3 2
-3 1
+3 6
+4 1
fi=(84) /usr/src/debug/glibc-2.33-20.fc34.x86_64/elf/../include/list.h
44 1
+1 1
fe=(1)
808 1
fi=(84)
44 1
+1 1
+1 1
fe=(1)
810 1
+3 1
fi=(84)
48 1
fe=(1)
813 4

fl=(49)
fn=(172)
34 3
+3 3
-3 9
+3 18
+8 21
+2 3

fl=(23)
fn=(130)
110 10
+1 10
+1 10
+1 10
+17 10
+1 10
+1 3
+1 3
+5 2
+1 2
+1 2
+1 2
+5 2
287 7
+1 7
+1 5
+1 5
+1 2
+1 2
+27 2
+1 2
+1 2
+1 2
+1 2
+3 3
+1 3
+1 3
+1 3
+1 3
+3 2
+1 2
+1 2
+1 2
+1 2
+10 1
+1 1
+1 1
+1 1
+22 1
+1 1
+1 1
+1 1
+1 1
+1 1
+1 1
+1 1
+2 1

fn=(74)
123 13
+1 13
+6 13
+1 13
+1 8
+1 8
+5 5
+1 5
+1 5
+1 5
+5 5
287 5
+1 5
+1 1
+1 1
+1 1
+1 1
+1 1
+1 1
+1 1
+2 1
+22 4
+1 4
+1 4
+1 4
+1 4
+24 3
+1 3
+1 3
+1 3
+22 3
+1 3
+1 3
+1 3
+1 3
+1 3
+1 3
+1 3
+2 3

fl=(45)
fn=(154)
175 9
+5 3
-5 9
+5 3
-2 6
+21 3
+7 6
-7 3
+1 6
+3 6
+3 3
cfi=(46) /usr/src/debug/glibc-2.33-20.fc34.x86_64/setjmp/../sysdeps/x86_64/setjmp.S
cfn=(156) __sigsetjmp
calls=3 30 
* 72
* 12
+2 9
cfi=(59)
cfn=(204) openaux
calls=2 61 
* 4968
cfi=(1)
cfn=(158)
calls=1 649 
* 2662
+2 3
-1 3
+1 3
-1 3
+1 6
+9 12

fn=(234)
238 6
+1 1
+1 1
+3 1
+1 1
+2 1
cfi=(1)
cfn=(236)
calls=1 682 
* 2850
+2 1
+1 1
+1 4

fn=(150)
225 10
+2 2
cob=(2)
cfi=(44)
cfn=(152)
calls=1 0 
* 2724
+1 2
+1 1
+1 1
-1 1
+1 1
+2 5

fl=(74)
fn=(358)
27 1
+2 2
-2 1
+6 3
-6 1
+6 3
-6 1
+6 1
cfi=(75)
cfn=(360)
calls=1 +41 
* 224
+4 2
+2 4
+2 1
-1 1
+1 2
-1 1
cob=(3)
cfi=(71)
cfn=(364) __libc_early_init
calls=1 -40 
* 26

fl=(8)
fn=(48) __GI___tunable_set_val
158 5
+1 30
+2 5
cfn=(50) do_tunable_update_val
calls=5 -61 
* 185

fn=(16)
280 9
-9 9
72 250
+6 49
-3 49
+3 4060
+4 98
+5 49
-15 49
fi=(9) /usr/src/debug/glibc-2.33-20.fc34.x86_64/elf/dl-tunables.h
+68 49
fe=(8)
-53 147
-9 98
fi=(9)
+63 112
-1 21
+5 7
-5 14
+1 112
fe=(8)
321 196
-18 6076
+6 8477
72 441
309 882
fi=(9)
140 441
+1 882
-1 31
+1 1006
-1 155
fe=(8)
355 8
75 98

fn=(50)
100 5
+3 15
+10 5
fi=(85) /usr/src/debug/glibc-2.33-20.fc34.x86_64/elf/./dl-tunable-types.h
-23 5
fe=(8)
+22 5
fi=(85)
-22 5
fe=(8)
+23 20
+1 25
fi=(9)
+7 10
fe=(8)
-8 5
fi=(9)
+18 5
fe=(8)
-18 5
+7 10
fi=(9)
+11 10
fe=(8)
-7 10
+7 10
+1 10
+3 5
+1 5
+1 5
+1 10

fn=(46)
403 24
+3 168
+9 24
-9 90
+9 3
+17 120
+2 24
-9 21
+1 21

fl=(58)
fn=(200)
25 1
+2 7
+4 1

fl=(69)
fn=(252) dl_cet_check
39 7
+3 1
+9 1
-10 1
+4 1
-4 1
+3 1
+4 2
+1 2
-1 2
+14 2
235 8

fn=(250)
252 1
+1 1
cfn=(252)
calls=1 39 
* 29

fl=(27)
fn=(88)
111 174
+33 174
+1 174
+2 174
+1 174
+21 174
+1 174
+1 157
+1 157
+1 148
+1 148
+1 148
+1 148
+21 148
+1 148
+1 148
+1 148
+1 148
+1 148
+1 148
+5 10
+1 30
+9 10
+1 10
+1 10
+1 10
+1 10
+1 10
+1 10
+1 10
-7 26
+1 26
+1 26
+1 26
+1 26
+1 26
+1 26
+1 26
+1 35
+1 14
+1 14
+1 14
+2 14
+1 14
+1 14
+1 14
+1 14
+1 14
-5 21
+1 21
+1 21
+1 21
+1 21
+1 21
+10 1
+1 1
+1 1
+2 1
+6 1
+1 1
+1 1
+1 1
+1 1
+5 1
+2 1
+1 1
+1 2
+8 1
+1 1
+3 1
+1 1
+1 1
+1 1
+1 1
+1 1
+31 1
+1 1
+1 1
+1 1
+1 1
+2 1
+1 1
+1 1
+1 1
+1 1
+1 1
+1 1
696 1
+1 1
+1 1
+1 1
+1 1
+2 1
+1 1
+1 1
+1 1
+1 1
+1 1
+1 1
+1 1
+4 1
+1 1
+1 1
+6 1
+1 1
+1 2
+4 1
+1 1
+3 1
+1 1
+1 1
+3 1
+1 1
+1 1
+6 1
+1 1
+1 1
+1 1
+1 1
+1 1
1071 3
+1 3
+1 3
+1 3
+1 3
+2 3
+1 3
+1 3
+1 3
+1 3
+1 3
+1 3
+1 2
+4 2
+1 2
+1 2
+6 2
+1 2
+1 4
+4 2
+1 2
+3 2
+1 2
+1 2
+3 2
+1 2
+1 2
+6 2
+1 2
+1 2
+1 2
+1 2
+1 2
+72 3
+1 3
+1 3
+1 3
+1 3
+2 3
+1 3
+1 3
+1 3
+1 3
+1 3
+1 3
+1 1
+4 1
+1 1
+1 1
+6 1
+1 1
+1 2
+4 1
+1 1
+3 1
+1 1
+1 1
+3 1
+1 1
+1 1
+6 1
+1 1
+1 1
+1 1
+1 1
+1 1
+72 3
+1 3
+1 3
+1 3
+1 3
+2 3
+1 3
+1 3
+1 3
+1 3
+1 3
+1 3
+1 3
+4 3
+1 3
+1 3
+6 3
+1 3
+1 6
+4 3
+1 3
+3 3
+1 3
+1 3
+3 3
+1 3
+1 3
+6 3
+1 3
+1 3
+1 3
+1 3
+1 3
+7 1
+1 1
+2 1
+1 1
+2 1
+1 1
+1 1
+3 1
+1 1
+1 1
+6 1
+1 1
+1 1
+1 1
+1 1
+1 1
+41 3
+1 3
+1 3
+1 3
+1 3
+2 3
+1 3
+1 3
+1 3
+1 3
+1 3
+1 3
+1 1
+4 1
+1 1
+1 1
+6 1
+1 1
+1 2
+4 1
+1 1
+3 1
+1 1
+1 1
+3 1
+1 1
+1 1
+6 1
+1 1
+1 1
+1 1
+1 1
+1 1
+72 3
+1 3
+1 3
+1 3
+1 3
+2 3
+1 3
+1 3
+1 3
+1 3
+1 3
+1 3
+1 1
+4 1
+1 1
+1 1
+6 1
+1 1
+1 2
+4 1
+1 1
+3 1
+1 1
+1 1
+3 1
+1 1
+1 1
+6 1
+1 1
+1 1
+1 1
+1 1
+1 1
+72 5
+1 5
+1 5
+1 5
+1 5
+2 5
+1 5
+1 5
+1 5
+1 5
+1 5
+1 5
+1 4
+4 4
+1 4
+1 4
+6 4
+1 4
+1 8
+4 4
+1 4
+3 4
+1 4
+1 4
+3 4
+1 4
+1 4
+6 4
+1 4
+1 4
+1 4
+1 4
+1 4
+72 3
+1 3
+1 3
+1 3
+1 3
+2 3
+1 3
+1 3
+1 3
+1 3
+1 3
+1 3
+1 1
+4 1
+1 1
+1 1
+6 1
+1 1
+1 2
+4 1
+1 1
+3 1
+1 1
+1 1
+3 1
+1 1
+1 1
+6 1
+1 1
+1 1
+1 1
+1 1
+1 1
+72 8
+1 8
+1 8
+1 8
+1 8
+2 8
+1 8
+1 8
+1 8
+1 8
+1 8
+1 8
2071 2
+1 2
+1 2
+1 2
+1 2
+2 2
+1 2
+1 2
+1 2
+1 2
+1 2
+1 2
+2 1
+4 1
+1 1
+1 1
+6 1
+1 1
+2 2
+4 1
+1 1
+3 1
+1 1
+1 1
+3 1
+1 1
+1 1
+6 1
+1 1
+1 1
+1 1
+1 1
+1 1
+74 16
+2 16
+1 16
+1 16
+1 16
-3 20
+1 20
+1 20
+1 20
+1 28
+5 14
+6 14
+1 14
+8 14
+1 14
-16 160
+6 160
+1 160
+8 160
+1 160

fl=(70)
fn=(342) _dl_protect_relro
328 4
+1 4
-1 8
+1 16
+3 4
-3 4
+3 4
+4 8
+7 8
-6 12
cfi=(64)
cfn=(222)
calls=4 117 
* 24
* 8

fn=(254)
167 44
+15 4
-15 8
+15 4
+1 20
+6 8
+6 20
-18 4
+22 4
+7 16
+40 4
fi=(3)
75 4
fe=(70)
246 8
fi=(3)
75 12
+6 4
+4 6
+14 2
-8 2
+8 4
+20 4
+11 8
fe=(70)
274 122
-96 4
fi=(3)
486 6
fe=(70)
178 4
+96 2
fi=(4)
47 2
+1 2
-1 2
fe=(70)
274 2
fi=(4)
46 2
+12 4
fe=(70)
274 2
-96 4
fi=(3)
486 6
fe=(70)
178 4
+96 2
fi=(4)
47 2
+1 2
-1 2
fe=(70)
274 2
fi=(4)
46 2
+12 4
fe=(70)
274 4
fi=(4)
47 4
+1 4
-1 4
fe=(70)
274 4
fi=(4)
46 4
+12 8
-7 2
-1 2
+11 8
fi=(3)
557 16
+4 16
+3 24
+1 8
fi=(4)
61 24
+2 32
+11 4
fe=(70)
274 32
+3 16
+24 4
+3 8
+17 8
196 8
+3 6
fi=(4)
84 6
-1 6
+3 6
+12 6
-12 6
-3 6
+15 12
+10 10
+10 24
+3 15
+3 10
-74 3
fi=(3)
496 3
fi=(4)
51 3
fi=(3)
496 6
fi=(4)
127 628
+9 230
+3 115
-3 115
+3 115
-1 115
-2 115
+1 460
fi=(3)
275 230
+21 230
+4 230
+7 460
fi=(24)
126 297
fi=(3)
307 1604
fi=(4)
138 16
fi=(3)
307 16
fi=(4)
138 16
fi=(3)
307 16
fi=(4)
138 16
fi=(3)
307 32
fi=(4)
138 80
fi=(3)
307 80
fi=(4)
138 80
fi=(3)
307 80
fi=(4)
138 80
fi=(3)
307 1408
cfi=(6)
cfn=(262)
calls=96 835 
* 51521
* 672
+1 297
+30 690
462 196
+1 98
fi=(4)
124 471
+19 12
+1 6
fi=(3)
307 4
+21 2
-21 6
fi=(4)
144 162
+1 162
+3 84
+4 84
-1 42
-3 42
+2 168
fi=(3)
307 168
520 42
-1 84
+1 84
+1 42
cfi=(12)
cfn=(356)
calls=1 42 
* 6
cob=(3)
cfi=(71)
cfn=(340) strncasecmp_l
calls=1 0 
* 7
cob=(3)
cfi=(71)
cfn=(338) strchrnul
calls=1 0 
* 12
cob=(3)
cfi=(71)
cfn=(336) wmemcmp
calls=1 0 
* 14
cob=(3)
cfi=(71)
cfn=(334) stpcpy
calls=1 0 
* 11
cob=(3)
cfi=(71)
cfn=(332) stpncpy
calls=1 0 
* 11
cob=(3)
cfi=(71)
cfn=(330) strspn
calls=1 0 
* 7
cob=(3)
cfi=(71)
cfn=(328) wcslen
calls=1 0 
* 12
cob=(3)
cfi=(71)
cfn=(326) memchr
calls=1 0 
* 12
cob=(3)
cfi=(71)
cfn=(324) strcasecmp_l
calls=1 0 
* 7
cob=(3)
cfi=(71)
cfn=(322) memrchr
calls=1 0 
* 12
cob=(3)
cfi=(71)
cfn=(320) strlen
calls=1 0 
* 12
cob=(3)
cfi=(71)
cfn=(318) index
calls=1 0 
* 11
cob=(3)
cfi=(71)
cfn=(316) strpbrk
calls=1 0 
* 7
cob=(3)
cfi=(71)
cfn=(314) wcscpy
calls=1 0 
* 7
cob=(3)
cfi=(71)
cfn=(312) wmemset
calls=2 0 
* 32
cob=(3)
cfi=(71)
cfn=(310) wcsnlen
calls=1 0 
* 11
cob=(3)
cfi=(71)
cfn=(308) memcpy@@GLIBC_2.14
calls=1 0 
* 16
cob=(3)
cfi=(71)
cfn=(306) strcpy
calls=1 0 
* 11
cob=(3)
cfi=(71)
cfn=(304) strncasecmp
calls=1 0 
* 7
cob=(3)
cfi=(71)
cfn=(302) strcspn
calls=1 0 
* 7
cob=(3)
cfi=(71)
cfn=(300) strnlen
calls=2 0 
* 24
cob=(3)
cfi=(71)
cfn=(298) wcschr
calls=2 0 
* 24
cob=(3)
cfi=(71)
cfn=(296) memset
calls=1 0 
* 18
cob=(3)
cfi=(71)
cfn=(294) strcmp
calls=1 0 
* 11
cob=(3)
cfi=(71)
cfn=(292) strncmp
calls=1 0 
* 11
cob=(3)
cfi=(71)
cfn=(290) bcmp
calls=1 0 
* 14
cob=(3)
cfi=(71)
cfn=(288) mempcpy
calls=1 0 
* 16
cob=(3)
cfi=(71)
cfn=(286) wcscmp
calls=1 0 
* 12
cob=(3)
cfi=(71)
cfn=(284) wmemchr
calls=2 0 
* 24
cob=(3)
cfi=(71)
cfn=(282) rawmemchr
calls=1 0 
* 12
cob=(3)
cfi=(71)
cfn=(280) rindex
calls=1 0 
* 12
cob=(3)
cfi=(71)
cfn=(278) strcat
calls=1 0 
* 11
cob=(3)
cfi=(71)
cfn=(276) strcasecmp
calls=1 0 
* 7
cob=(3)
cfi=(71)
cfn=(274) strncpy
calls=1 0 
* 11
cob=(3)
cfi=(71)
cfn=(272) memmove
calls=2 0 
* 32
cob=(3)
cfi=(71)
cfn=(270) __x86_cacheinfo
calls=1 0 
* 34
+1 42
+4 42
-92 48
+4 64
+5 48
+9 32
+50 3
+5 2
-1 2
+1 2
-1 1
cfi=(23)
cfn=(74)
calls=1 123 
* 11
+2 3
+1 1
fi=(4)
111 10
+1 2
fi=(3)
541 2
fi=(4)
112 2
fi=(3)
541 4
fi=(4)
112 1214
fi=(3)
541 1214
fi=(4)
112 1214
fi=(3)
541 2428
+5 2432
+1 1216
fi=(4)
111 1216
fi=(3)
547 1216
-5 1216
fi=(4)
111 2466
fi=(3)
308 158
+3 110
-3 110
+3 220
fi=(4)
129 252
fi=(3)
308 94
+3 94
-3 524
+3 84
fe=(70)
-37 32
fi=(3)
+33 27
fe=(70)
+15 8
cfn=(342)
calls=4 +6 
* 104
+1 32
fi=(3)
123 8
-2 4
fe=(70)
274 4
fi=(4)
50 1
160 5
+2 24
+9 18
-1 36
fi=(3)
275 12
+21 12
+4 12
+7 24
fi=(24)
126 18
fi=(3)
307 168
cfi=(6)
cfn=(262)
calls=6 835 
* 2975
* 42
+1 18
+30 36
462 18
+1 6
fi=(4)
160 18
+14 4
fi=(3)
308 2
+3 2
-3 2
+3 4
-3 2
+3 2
-3 4
fe=(70)

fl=(50)
fn=(174)
25 2
+1 8
+1 2

fl=(46)
fn=(156)
30 3
+2 3
+9 3
+1 6
+1 3
+4 3
+1 3
+1 3
+1 3
+1 3
+2 6
+2 3
+1 3
+1 3
+2 6
+2 3
+8 3
+3 3
+1 3
+7 3
+1 3

fl=(10)
fn=(98)
46 5
+2 3
+85 5
-45 2
cfi=(31)
cfn=(100)
calls=1 +32 
* 6
+15 1
-15 2
+20 1
-1 1
+3 12
+4 3
-2 6
+2 11
+3 2
-1 2
+1 6
-3 8
+7 3
-1 3
+4 3
-2 3
+2 10
+5 2

fl=(57)
fn=(198)
25 3
+1 12
+1 3

fl=(63)
fn=(220)
25 8
+1 16
+1 4

fl=(67)
fn=(232)
28 26
+2 4
+4 36
+1 10
cfi=(40)
cfn=(134)
calls=2 +63 
* 32
* 4
-2 22
+6 4
+3 2
-3 4
+1 6
+2 2
-3 8
+3 4
-3 8
+1 12
+2 4
+12 24
+2 12
+1 8
-1 6
+1 4
+33 12
-36 24
+61 18
-50 10
+57 16
-63 18
+1 12
+58 36
cfi=(40)
cfn=(134)
calls=4 -20 
* 68
* 16
-28 9
-44 12

fl=(81)
fn=(440)
60 18
+9 6
fi=(86) /usr/src/debug/glibc-2.33-20.fc34.x86_64/elf/../sysdeps/x86_64/dl-runtime.h
-41 6
fe=(81)
+32 6
+3 12
+5 6
+1 12
-7 6
+8 6
+2 6
-2 30
+2 6
-2 6
+2 6
+5 12
+4 12
+4 18
+4 10
+1 20
-7 20
+16 5
-1 5
+1 11
-1 1
+1 2
+10 60
cfi=(6)
cfn=(262)
calls=6 835 
* 3238
* 6
+4 30
+10 54
+7 6
+8 24
+4 18
fi=(3)
+99 6
fe=(81)
-95 18

fl=(68)
fn=(238)
362 6
+4 5
-2 2
+4 24
cfn=(240) _dl_check_map_versions
calls=4 156 
* 2767
-2 4
+2 12
-1 4
-1 8
+5 7

fn=(240)
156 32
+15 4
-15 8
+15 8
+2 12
+2 4
+1 4
-1 4
+1 4
+2 8
+3 4
-16 2
-8 2
+28 2
-4 2
+4 4
+16 2
37 2
201 2
37 2
201 2
37 10
+1 5
-1 10
+2 21
cfi=(47)
cfn=(162)
calls=7 340 
* 644
* 14
209 6
+5 2
-71 4
+71 6
+8 2
-2 2
-2 4
+4 2
-4 12
+4 3
-2 3
-2 6
+4 3
-4 28
57 4
+8 6
-8 6
+8 9
+6 15
+16 5
+1 10
+2 5
+5 45
+14 46
+12 54
+4 18
-30 36
225 20
+3 15
+5 3
-11 3
111 5
+3 20
cfi=(27)
cfn=(88)
calls=5 -3 
* 191
* 22
237 8
+14 4
+3 8
+10 37
-7 148
+3 111
-3 8
+3 6
+8 6
+6 3
fi=(22)
44 3
fe=(68)
274 3
fi=(22)
44 3
cfi=(5)
cfn=(66)
calls=3 171 
* 108
fe=(68)
273 3
fi=(22)
44 3
fe=(68)
275 6
+13 3
-3 3
+3 6
+2 9
+3 8
+4 6
+18 3
-15 3
+2 3
-2 3
+2 3
-2 3
+2 6
-2 2
+2 2
-2 2
+2 2
-2 2
+2 4
+2 5
+1 5
-1 15
+1 5
+1 5
-2 5
+2 10
+1 15
+3 15
+8 6
+10 9
+3 8
+20 37
-14 78
-2 37
+6 37
+1 37
+1 37
-1 111
+1 37
-1 37
+1 37
+1 37
+3 117
+10 36
165 2
+86 2
-94 2
+94 3

fl=(54)
fn=(188)
48 12
+3 24
-3 48
+6 24
+5 72
+2 36
-7 10

fl=(76)
fn=(376)
81 12
+1 1
+1 1
+3 3
+8 2
+25 1
+1 5
+1 5
-1 1
+1 1
cfn=(378) call_init
calls=1 -90 
* 35
* 15
-1 3
+1 3
cfn=(378)
calls=3 -90 
* 222
-1 8
+7 8
-39 1
cfn=(378)
calls=1 -57 
* 78
+1 2

fn=(378)
31 40
+4 5
-4 5
+4 15
+2 15
+9 4
-3 8
+3 8
+5 6
+8 9
+1 6
cob=(2)
cfi=(44)
cfn=(380)
calls=1 -60 
* 7
+3 3
+1 6
+6 4
+2 4
-2 2
+3 13
+1 4
cob=(3)
cfi=(71)
cfn=(398) check_stdfiles_vtables
calls=1 -74 
* 12
* 8
cob=(3)
cfi=(71)
cfn=(390) _init_first
calls=1 -74 
* 98
cob=(4)
cfi=(77)
cfn=(384) 0x0000000000001140
calls=1 -74 
* 12
-1 9
+3 30
-29 2

fl=(6)
fn=(262)
835 1568
576 448
-1 224
+2 112
-1 112
+1 336
-1 336
+1 1425
-1 1425
+1 4275
-1 4275
+2 112
841 112
-4 112
+8 112
-8 112
+1 224
+7 312
+3 112
+2 224
-2 112
+6 224
-7 672
+7 45
+1 1568
cfn=(264) do_lookup_x
calls=112 362 
* 36933
* 336
+28 112
-23 112
+23 112
-23 224
+24 602
+7 103
-7 103
+40 412
1048 206
938 309
+3 309
-62 112
+69 1008
-86 54
+18 27
+59 2

fn=(264)
362 784
+1 112
-1 784
+48 224
-41 112
+41 560
-16 1062
+8 354
-4 354
+1 354
+3 354
+1 1062
+3 354
+1 708
+7 354
-3 708
-2 354
+5 1416
+3 2478
565 756
373 710
+3 710
+4 1426
+4 708
+4 708
+88 206
fi=(24)
126 309
fe=(6)
527 206
+3 776
+16 206
+1 103
+1 206
421 420
-1 210
+2 210
+2 1155
+13 339
-10 1080
+3 103
-1 206
+1 206
-1 103
+2 206
-1 1133
cfn=(266) check_match
calls=103 69 
* 9952
+4 309
568 9
+1 896
-35 36
-66 4
170 14
451 824

fn=(12)
955 4
+3 4
-3 4
+3 8
+2 4
+2 8
+2 4
-1 4
+3 12
+1 4
+4 4
-3 4
+7 4
-7 4
+3 4
-1 4
+3 4
+2 4
-7 4
+7 4
+5 4

fn=(266)
69 103
+3 103
-3 1236
+3 412
+13 103
-13 103
+13 103
-13 103
+13 309
+3 326
cfi=(27)
cfn=(88)
calls=30 +23 
* 1522
* 60
+4 103
+1 206
+2 200
+19 200
+1 800
-38 103
+84 618
-18 6
+2 6
+1 3
-1 6
+1 9
-1 6
-29 300
cfi=(27)
cfn=(88)
calls=100 -5 
* 2703
* 200

fl=(52)
fn=(184)
29 6
+1 6
+5 9
cfi=(53)
cfn=(186)
calls=3 -1 
* 24

fl=(59)
fn=(202)
159 3
+1 2
-1 1
+1 1
-1 2
+1 1
-1 1
+1 1
-1 4
+1 3
-1 2
+1 1
-1 1
+1 6
-15 1
+15 2
-8 1
-6 1
-1 1
+15 1
-16 1
+8 3
-6 1
+6 1
+24 3
-28 3
-2 1
+31 1
-33 2
+2 2
+30 2
-30 1
-1 1
+1 1
+6 4
+24 2
-32 1
+60 1
-60 2
+36 1
+20 1
fi=(66) /usr/src/debug/glibc-2.33-20.fc34.x86_64/elf/../include/scratch_buffer.h
78 1
fe=(59)
180 1
fi=(66)
77 3
fe=(59)
198 1
298 1
198 1
+2 1
+9 2
+4 4
-4 6
+4 12
+11 12
-18 2
+18 4
433 12
+2 2
+3 2
-3 4
+3 2
fi=(22)
56 2
cfi=(5)
cfn=(70)
calls=2 +72 
* 50
* 2
fe=(59)
439 4
+6 2
+1 10
cfi=(23)
cfn=(74)
calls=2 123 
* 22
+1 10
cfi=(23)
cfn=(74)
calls=2 123 
* 22
+4 2
-1 2
+5 16
204 9
458 9
-1 4
+1 8
199 3
+27 2
+11 2
-5 2
-6 4
+5 2
+2 4
+1 4
+3 8
-31 2
+31 2
+1 6
+6 8
cfi=(26)
cfn=(166)
calls=2 -8 
* 108
* 6
+4 4
-2 2
+2 4
cob=(2)
cfi=(44)
cfn=(152)
calls=2 0 
* 5092
+1 4
+9 2
+2 4
+5 10
+6 2
+2 2
-8 4
+3 2
+1 2
+1 2
+1 2
+4 10
+4 6
+1 3
-43 192
+1 92
+44 138
-38 4
fi=(66)
85 3
fe=(59)
464 6
+1 1
+3 5
+11 3
fi=(22)
56 1
cfi=(5)
cfn=(70)
calls=1 +72 
* 25
* 1
fe=(59)
481 2
+5 2
+4 1
-2 2
-2 1
+1 1
-1 2
+4 1
+2 12
+7 4
-2 4
+2 4
-2 4
+2 4
+5 4
-14 12
+17 3
+52 4
+37 3
+4 1
+11 2
-11 1
-3 2
+19 7
+3 5
cfi=(67)
cfn=(232)
calls=1 28 
* 236
+3 1
+2 1
+1 1
-1 1
+2 2
+7 3
+3 2
+3 8
214 25
+3 2
fi=(66)
-86 6
cfi=(65)
cfn=(226)
calls=2 30 
* 40
fe=(59)
+86 4
+4 6
611 2
cfi=(23)
cfn=(74)
calls=1 123 
* 11
* 1
160 2
380 6

fn=(204)
61 6
+7 2
-4 4
+1 2
-1 16
cfi=(26)
cfn=(160)
calls=2 2015 
* 4932
* 2
+5 4

fl=(37)
fn=(118)
23 14
+1 14
+1 14
+1 14
+1 14
+1 14
+1 14
+1 14
+1 14
+1 14
+1 14
+1 14
+1 14
+1 14
+1 14
+1 14
+1 14
+1 14
+1 12
+4 12
+1 12
+1 12
+1 12
+2 12
+4 2
+1 2
+1 2
+1 2
+1 2
+1 2
+1 2
+1 2
+1 2
+1 2
+1 2
+1 2
+1 2
+1 2
+1 2
+1 2
+1 2
+1 2
+1 2
+1 2
+1 2
+1 2
+1 2
+1 2
+52 2
+4 2
+1 2
+1 2
+1 2
+2 2

fl=(48)
fn=(168)
40 10
+1 2
cfi=(18)
cfn=(56)
calls=2 * 
* 70
* 2
fi=(87) /usr/src/debug/glibc-2.33-20.fc34.x86_64/string/../include/rtld-malloc.h
+15 4
cfi=(5)
cfn=(70)
calls=2 +72 
* 50
fe=(48)
-12 4
+4 2
-1 6
+1 4
-1 2
cfi=(23)
cfn=(74)
calls=2 +76 
* 30

fl=(13)
fn=(28)
382 1
+16 1
-16 6
+3 1
+1 1
+1 1
+11 2
+3 6
626 3
+1 1
+3 2
+1 1
+6 1
+1 1
+1 1
+1 1
fi=(15)
+66 1
+2 1
+14 2
840 1
+1 1
+10 1
-9 1
+3 1
-5 1
+3 1
-2 1
+3 1
-2 1
+4 1
-3 1
+29 1
-28 1
+2 1
+1 1
+1 1
+1 1
+1 1
+21 2
+30 5
cfi=(8)
cfn=(46)
calls=1 403 
* 21
* 1
+5 2
-3 2
+3 1
-3 1
+3 1
cfi=(8)
cfn=(46)
calls=1 403 
* 21
* 1
+5 2
-3 2
+3 1
+15 1
-15 1
cfi=(8)
cfn=(46)
calls=1 403 
* 21
* 1
+5 2
-3 2
+3 2
cfi=(8)
cfn=(46)
calls=1 403 
* 21
+2 1
+5 1
-7 1
+7 1
-5 3
+5 2
cfi=(8)
cfn=(46)
calls=1 403 
* 21
+3 3
-3 1
+3 3
-3 1
+3 3
cfi=(8)
cfn=(48)
calls=1 158 
* 45
+1 8
cfi=(8)
cfn=(48)
calls=1 158 
* 45
+1 8
cfi=(8)
cfn=(48)
calls=1 158 
* 45
+2 10
cfi=(8)
cfn=(48)
calls=1 158 
* 45
+2 9
cfi=(8)
cfn=(48)
calls=1 158 
* 45
+4 1
+4 1
fe=(13)
645 3
fi=(15)
937 1
-1 1
+3 1
-1 1
+1 1
+1 1
fe=(13)
645 1
cfi=(8)
cfn=(46)
calls=1 403 
* 19
+10 1
-1 1
+1 1
+46 4
cfi=(8)
cfn=(46)
calls=1 403 
* 19
+2 4
cfi=(8)
cfn=(46)
calls=1 403 
* 19
fi=(17) /usr/src/debug/glibc-2.33-20.fc34.x86_64/elf/../sysdeps/unix/sysv/linux/x86/cpu-features.c
27 6
fe=(13)
713 2
+45 8
fi=(15)
879 10
fe=(13)
659 3
+27 2
-10 2
+1 3
+2 3
+1 2
+2 3
+1 2
fi=(15)
+41 2
cfn=(38)
calls=1 255 
* 445
+1 1
-1 2
+1 1
cfn=(38)
calls=1 255 
* 483
+1 1
-1 1
+1 1
cfn=(38)
calls=1 255 
* 508
+3 1
-3 2
+3 1
cfn=(38)
calls=1 255 
* 464
+2 1
-2 1
+2 1
cfn=(38)
calls=1 255 
* 456
+3 1
-2 1
-1 1
+3 1
cfn=(38)
calls=1 255 
* 436
+2 1
-2 1
+2 1
cfn=(38)
calls=1 255 
* 437
+3 1
-3 1
+3 1
cfn=(38)
calls=1 255 
* 474
+2 1
-2 1
+2 1
cfn=(38)
calls=1 255 
* 475
+3 1
-3 1
+3 1
cfn=(38)
calls=1 255 
* 499
+2 1
-2 1
+2 1
cfn=(38)
calls=1 255 
* 500
+2 1
-2 1
+2 1
cfn=(38)
calls=1 255 
* 799
+2 3
-2 1
+2 1
cfn=(44)
calls=1 481 
* 218
863 11
fe=(13)
407 6
cfn=(30) get_common_indices.constprop.0
calls=1 -90 
* 60
295 3
+1 2
+1 6
+5 2
+1 6
+5 2
+1 6
412 1
cfn=(32) update_usable.constprop.0
calls=1 42 
* 177
+2 1
+2 1
+84 1
-86 2
521 7
405 1
-3 1
+14 4
+1 4
+69 2
+10 2
+14 1
+1 1
-94 10
+55 2
+24 3

fn=(30)
317 1
+4 4
+3 3
+5 2
-5 1
+5 1
-5 1
+4 1
+1 1
+1 4
+1 4
+1 3
+1 2
+7 2
+2 5
+5 1
-5 1
+5 1
-5 1
+5 1
-5 2
+5 1
+7 1
-7 4
+7 1
+1 3
+6 1
-6 4
+6 1
+6 2

fn=(32)
42 7
+4 1
+29 1
-19 1
+9 1
-10 1
-1 1
+27 1
+4 1
-30 1
+9 1
+10 1
+2 1
-22 1
+30 1
+4 1
-12 1
-22 1
+27 1
-17 1
+10 1
-19 1
+9 1
+10 1
+10 1
-3 1
+8 1
-13 1
+12 1
-4 1
+4 1
-24 1
+25 1
+4 1
+1 1
-1 2
-19 1
+20 2
+1 1
-14 1
+14 1
-11 1
+4 1
+5 1
+2 1
+1 1
+2 1
-2 1
+2 3
+3 2
+4 2
+2 4
+95 2
+1 1
+3 3
+4 1
-4 1
+4 1
+67 3
+4 3
fi=(14)
31 1
-3 1
+3 1
-1 2
fe=(13)
288 1
+1 8
-75 3
+1 2
+3 1
-1 1
+9 1
-5 1
+2 1
-2 1
+5 1
fi=(14)
32 3
+4 3
fe=(13)
+75 2
+2 1
+3 2
+10 1
+10 2
-10 1
+10 1
-10 2
+6 4
+2 4
+7 4
+49 1
+12 1
-12 2
fi=(14)
39 3
+1 4
+5 1
-7 1
+7 3
+2 1
+1 2
+1 3
+2 4
+1 2
+1 2
+6 1
-4 1
+4 1
-3 2
fe=(13)
+67 1
-5 2
+4 1

fl=(11)
fn=(22)
35 1
+1 3
+1 2
+6 1
+1 1

fl=(43)
fn=(144)
28 1
+2 1
+7 1
+1 1
+2 1
+1 1
+1 1
+1 1
+1 33
+3 3
+7 1
+1 1
+1 1
+1 1
+2 1
+1 1
+1 1
+1 1
+2 1
+1 1
+1 1
+9 3
+12 1
+2 1
+1 1
+1 1
-4 12
+2 12
+1 12
+1 12
+2 13
+1 13
+1 13
+2 13
+1 13
+1 13
+2 13
+1 13
+1 13
+2 1
+1 1
+1 1
+2 1
+7 1
+4 1

fl=(20)
fn=(62)
28 2
+1 2
+3 55
+13 48
-13 96
+2 98
+1 12
+5 1
-3 1
+3 1
+2 1
+7 1

ob=(3)
fl=(71)
fn=(276)
0 7

fn=(294)
0 11

fn=(304)
0 7

fn=(318)
0 11

fn=(328)
0 12

fn=(336)
0 14

fn=(340)
0 7

fn=(458) _IO_file_doallocate
0 46
cfn=(460) _IO_file_stat
calls=2 0 
0 36
0 24
cob=(2)
cfi=(44)
cfn=(466)
calls=2 0 
0 1885
0 14
cfn=(490) _IO_setb
calls=2 0 
0 56
0 30

fn=(486) brk
0 18

fn=(500) __strtoul_internal
0 2056
cfn=(502) ____strtoul_l_internal
calls=514 0 
0 75827

fn=(540) _IO_do_write@@GLIBC_2.2.5
0 11
cfn=(550) new_do_write
calls=1 0 
0 102
0 6

fn=(620) _Exit
0 5

fn=(272)
0 32

fn=(292)
0 11

fn=(390)
0 19
cfn=(392) __init_misc
calls=1 0 
0 79

fn=(450) __uflow
0 62
cfn=(452) _IO_default_uflow
calls=2 0 
0 2064
0 10

fn=(456) _IO_doallocbuf
0 40
cfn=(458)
calls=2 0 
0 2091
0 12

fn=(464) fstatat
0 16

fn=(482) __default_morecore
0 6
cfn=(484) sbrk
calls=2 0 
0 67
0 10

fn=(488) alloc_perturb
0 16

fn=(512) feof
0 272

fn=(542) _IO_default_xsputn
0 32
cfn=(538) _IO_file_overflow@@GLIBC_2.2.5
calls=1 0 
0 34
0 21

fn=(550)
0 25
cfn=(552) _IO_file_write@@GLIBC_2.2.5
calls=1 0 
0 46
0 31

fn=(560) free
0 24
cfn=(562) _int_free
calls=1 0 
0 61
0 5

fn=(564) exit
0 8
cfn=(566) __run_exit_handlers
calls=1 0 
0 1938

fn=(596)
0 47
cfn=(598) __unregister_atfork
calls=1 0 
0 17
0 12

fn=(618) _IO_file_sync@@GLIBC_2.2.5
0 36

fn=(280)
0 12

fn=(308)
0 16

fn=(310)
0 11

fn=(364)
0 4
cfn=(366) __ctype_init
calls=1 0 
0 17
0 5

fn=(480) sysmalloc
0 87
cfn=(482)
calls=1 0 
0 56
0 41
cfn=(482)
calls=1 0 
0 27
0 24

fn=(534) _IO_file_xsputn@@GLIBC_2.2.5
0 607
cob=(2)
cfi=(44)
cfn=(544)
calls=19 0 
0 386
0 519
cfn=(538)
calls=2 0 
0 527
0 36
cfn=(542)
calls=1 0 
0 87
0 206

fn=(598)
0 17

fn=(616) _IO_default_setbuf
0 38
cfn=(618)
calls=2 0 
0 36
0 64

fn=(282)
0 12

fn=(296)
0 18

fn=(302)
0 7

fn=(320)
0 12

fn=(392)
0 13
cob=(2)
cfi=(44)
cfn=(394)
calls=1 0 
0 54
0 12

fn=(404) (below main)
0 18
cfn=(406) __cxa_atexit
calls=1 0 
0 75
0 11
cob=(5)
cfi=(78)
cfn=(412) __libc_csu_init
calls=1 0 
0 52
0 8
cfn=(424) _setjmp
calls=1 0 
0 34
0 15
cob=(5)
cfi=(79) /home/ValeMTo/Documents/API/GraphRanker.c
cfn=(430) main
calls=1 32 
0 419766
0 2
cfn=(564)
calls=1 0 
0 1946

fn=(494) _IO_file_read
0 12
cfn=(496) read
calls=2 0 
0 16

fn=(496)
0 16

fn=(536) _itoa_word
0 344

fn=(554) write
0 9

fn=(284)
0 24

fn=(322)
0 12

fn=(366)
0 17

fn=(410) __new_exitfn
0 32

fn=(428) __sigjmp_save
0 9

fn=(448) __vfscanf_internal
0 128064
cfn=(498) _IO_sputbackc
calls=547 0 
0 10393
0 4927
cfn=(450)
calls=2 0 
0 2136
0 91161
cfn=(498)
calls=514 0 
0 9766
0 19760
cfn=(500)
calls=514 0 
0 77883
0 13548
cfn=(498)
calls=1 0 
0 19
0 10005
cfn=(498)
calls=33 0 
0 627
0 1537

fn=(460)
0 6
cfn=(462) fstat
calls=2 0 
0 30

fn=(484)
0 35
cfn=(486)
calls=1 0 
0 9
0 12
cfn=(486)
calls=1 0 
0 9
0 2

fn=(286)
0 12

fn=(312)
0 32

fn=(324)
0 7

fn=(330)
0 7

fn=(426) __sigsetjmp
0 22
cfn=(428)
calls=1 0 
0 9

fn=(446) __isoc99_scanf
0 13675
cfn=(448)
calls=547 0 
0 369826
0 2735

fn=(452)
0 30
cfn=(454) _IO_file_underflow@@GLIBC_2.2.5
calls=2 0 
0 2018
0 16

fn=(468)
0 65
cfn=(478) _int_malloc
calls=2 0 
0 292
0 45
cfn=(470) malloc_hook_ini
calls=1 0 
0 1671

fn=(469) malloc'2
0 26
cfn=(478)
calls=1 0 
0 144
0 21
cfn=(476) tcache_init.part.0
calls=1 0 
0 480
0 2

fn=(472) ptmalloc_init.part.0
0 658
cob=(2)
cfi=(44)
cfn=(474)
calls=1 0 
0 22
0 4
cob=(2)
cfi=(44)
cfn=(474)
calls=1 0 
0 23
0 4
cob=(2)
cfi=(44)
cfn=(474)
calls=1 0 
0 22
0 4
cob=(2)
cfi=(44)
cfn=(474)
calls=1 0 
0 23
0 4
cob=(2)
cfi=(44)
cfn=(474)
calls=1 0 
0 23
0 4
cob=(2)
cfi=(44)
cfn=(474)
calls=1 0 
0 22
0 4
cob=(2)
cfi=(44)
cfn=(474)
calls=1 0 
0 23
0 4
cob=(2)
cfi=(44)
cfn=(474)
calls=1 0 
0 23
0 4
cob=(2)
cfi=(44)
cfn=(474)
calls=1 0 
0 23
0 4
cob=(2)
cfi=(44)
cfn=(474)
calls=1 0 
0 23
0 4
cob=(2)
cfi=(44)
cfn=(474)
calls=1 0 
0 23
0 4
cob=(2)
cfi=(44)
cfn=(474)
calls=1 0 
0 23
0 11

fn=(490)
0 56

fn=(532)
0 460

fn=(562)
0 61

fn=(614) _IO_file_setbuf@@GLIBC_2.2.5
0 8
cfn=(616)
calls=2 0 
0 138
0 24

fn=(274)
0 11

fn=(288)
0 16

fn=(290)
0 14

fn=(298)
0 24

fn=(314)
0 7

fn=(334)
0 11

fn=(398)
0 12

fn=(406)
0 3
cfn=(408) __internal_atexit
calls=1 0 
0 72

fn=(408)
0 20
cfn=(410)
calls=1 0 
0 32
0 20

fn=(424)
0 3
cfn=(426)
calls=1 0 
0 31

fn=(476)
0 13
cfn=(478)
calls=1 0 
0 366
0 101

fn=(526) printf
0 250
cfn=(528) __vfprintf_internal
calls=10 0 
0 6501
0 50

fn=(528)
0 361
cob=(2)
cfi=(44)
cfn=(530)
calls=10 0 
0 250
0 200
cfn=(534)
calls=10 0 
0 200
0 1168
cob=(2)
cfi=(44)
cfn=(530)
calls=10 0 
0 250
0 130
cfn=(534)
calls=10 0 
0 915
0 360
cfn=(536)
calls=10 0 
0 344
0 420
cfn=(534)
calls=10 0 
0 1253
0 650

fn=(546)
0 348

fn=(552)
0 14
cfn=(554)
calls=1 0 
0 9
0 23

fn=(566)
0 68
cob=(1)
cfi=(82)
cfn=(570)
calls=1 31 
0 1337
0 23
cfn=(610) _IO_cleanup
calls=1 0 
0 486
0 5
cfn=(620)
calls=1 0 
0 5
0 1
cfn=(568) __call_tls_dtors
calls=1 0 
0 12
0 1

fn=(612) _IO_flush_all_lockp
0 111

fn=(300)
0 24

fn=(316)
0 7

fn=(332)
0 11

fn=(462)
0 14
cfn=(464)
calls=2 0 
0 16

fn=(478)
0 537
cfn=(488)
calls=3 0 
0 12
0 3
cfn=(488)
calls=1 0 
0 4
0 8
cfn=(480)
calls=1 0 
0 235
0 3

fn=(492) _IO_switch_to_get_mode
0 50

fn=(502)
0 75827

fn=(538)
0 101
cfn=(540)
calls=2 0 
0 119
0 2
cfn=(456)
calls=1 0 
0 333
0 6

fn=(568)
0 12

fn=(610)
0 13
cfn=(612)
calls=1 0 
0 111
0 104
cfn=(614)
calls=2 0 
0 170
0 88

fn=(270)
0 34

fn=(278)
0 11

fn=(306)
0 11

fn=(326)
0 12

fn=(338)
0 12

fn=(396)
0 52

fn=(454)
0 54
cfn=(492)
calls=2 0 
0 50
0 32
cfn=(494)
calls=2 0 
0 28
0 40
cfn=(456)
calls=1 0 
0 1810
0 4

fn=(470)
0 9
cfn=(472)
calls=1 0 
0 986
0 3
cfn=(469)
calls=1 0 
0 673

fn=(498)
0 20805

ob=(4)
fl=(77)
fn=(602) 0x0000000000001090
0 5

fn=(584)
0 9
cob=(2)
cfi=(44)
cfn=(590)
calls=1 0 
0 758
0 1
cfn=(602)
calls=1 0 
0 5
0 3

fn=(384)
0 12

ob=(5)
fl=(79)
fn=(430)
32 1
+8 2
-8 3
+8 3
cob=(3)
cfi=(71)
cfn=(446)
calls=1 -40 
* 3017
cob=(1)
cfi=(80)
cfn=(438)
calls=1 +27 
* 668
* 5
+1 2
+2 6
cob=(3)
cfi=(71)
cfn=(468)
calls=1 -43 
* 192
cob=(1)
cfi=(80)
cfn=(438)
calls=1 +24 
* 630
* 5
* 3
+1 4
+1 1
-1 3
+1 9
-1 27
+2 3
-4 1
+4 1
cob=(3)
cfi=(71)
cfn=(446)
calls=1 -46 
* 771
* 1
* 1
+1 2
cob=(3)
cfi=(71)
cfn=(512)
calls=1 -47 
* 8
cob=(1)
cfi=(80)
cfn=(438)
calls=1 +20 
* 691
* 5
* 2
+1 66
+1 66
+1 64
cfn=(514) sum_path
calls=32 +62 
* 378763
+1 96
-1 32
+2 32
-1 32
cfn=(518) is_best
calls=32 +25 
* 2776
+12 132
cob=(3)
cfi=(71)
cfn=(446)
calls=33 -63 
* 22559
* 33
-16 33
+16 33
-16 33
cob=(3)
cfi=(71)
cfn=(512)
calls=33 -47 
* 264
* 33
* 66
+22 2
cob=(3)
cfi=(71)
cfn=(560)
calls=1 -69 
* 90
cob=(1)
cfi=(80)
cfn=(438)
calls=1 -2 
* 614
* 5
* 1
+4 6
-18 2
+2 1
-2 2
cfn=(520) insertion_sort
calls=1 224 
* 236
+2 3
+1 45
+1 27
cob=(3)
cfi=(71)
cfn=(526)
calls=9 -59 
* 6011
cob=(1)
cfi=(80)
cfn=(438)
calls=1 +8 
* 676
* 13
-2 54
+4 6
cob=(3)
cfi=(71)
cfn=(526)
calls=1 -61 
* 790
* 1
* 1

fn=(518)
76 128
+5 64
+1 205
+1 110
+1 10
+1 10
+22 10
-23 10
+25 44
-18 22
+2 88
-1 22
+1 44
+1 237
-1 684
+1 687
-1 245
+14 22
-6 44
+1 10
+1 10
+1 10
-2 30
+1 10
+6 20

fn=(514)
112 224
+1 96
-1 64
+1 32
+1 32
-1 32
+1 32
-1 32
+1 128
+5 64
+2 96
-1 32
+1 224
+1 64
-1 32
+1 96
cob=(3)
cfi=(71)
cfn=(446)
calls=32 0 
* 23406
* 32
-1 288
+1 192
-1 96
+1 288
cob=(3)
cfi=(71)
cfn=(446)
calls=96 0 
* 68174
* 96
* 512
-1 256
+1 768
cob=(3)
cfi=(71)
cfn=(446)
calls=256 0 
* 181189
* 256
-1 1152
+3 384
-4 128
+4 384
cob=(3)
cfi=(71)
cfn=(446)
calls=128 0 
* 87120
* 128
-4 512
+7 96
+1 64
-2 96
+1 288
+1 192
-2 288
+5 128
+75 332
-1 159
-45 2
-1 2
+1 14
+48 30
+5 90
-7 150
+8 298
+1 87
-2 225
+2 60
-79 60
+2 60
-2 60
+3 210
-3 114
+2 114
-2 114
+3 1757
+1 34
-2 783
+4 435
cfn=(516) trova_min_from
calls=87 +24 
* 4505
* 87
-7 378
+13 90
+2 30
-1 90
+1 90
-1 270
+11 240

fn=(516)
166 174
+8 348
+1 337
-1 669
+1 1234
+1 57
+7 910
+1 326
+1 129
+1 27
-14 30
+22 174
-9 90

fn=(520)
224 2
+4 4
-4 2
+6 4
-6 16
+6 72
+2 11
+1 11
-3 11
+4 11
+1 11
+1 11
-2 11
-4 22
-2 37

fl=(78)
fn=(572)
0 6
cfn=(576) 0x0000000000401260
calls=1 0 
0 4
0 3

fn=(576)
0 4

fn=(402)
0 12
cob=(3)
cfi=(71)
cfn=(404)
calls=1 0 
0 421927

fn=(412)
0 15
cob=(2)
cfi=(44)
cfn=(414)
calls=1 0 
0 7
0 8
cfn=(418) 0x0000000000401300
calls=1 0 
0 11
0 11

fn=(418)
0 11

totals: 559841
